0.000000000000000000e+00,2.817325568414296710e-01,5.406408174555975554e-01,7.557495743542582689e-01,9.096319953545183301e-01,9.898214418809326842e-01,9.898214418809327952e-01,9.096319953545184411e-01,7.557495743542582689e-01,5.406408174555974444e-01,2.817325568414296710e-01,0.000000000000000000e+00
0.000000000000000000e+00,2.789708169979309704e-01,5.353410775060212234e-01,7.483411877105518029e-01,9.007151454431829851e-01,9.801185188512365754e-01,9.801185188512365754e-01,9.007151454431830961e-01,7.483411877105518029e-01,5.353410775060211124e-01,2.789708169979309704e-01,0.000000000000000000e+00
0.000000000000000000e+00,2.762361496626602464e-01,5.300932893192904505e-01,7.410054232614519121e-01,8.918857047399091353e-01,9.705107106688620755e-01,9.705107106688620755e-01,8.918857047399091353e-01,7.410054232614519121e-01,5.300932893192904505e-01,2.762361496626602464e-01,0.000000000000000000e+00
0.000000000000000000e+00,2.735282894519306396e-01,5.248969436278396739e-01,7.337415691133437612e-01,8.831428163984191837e-01,9.609970849514588576e-01,9.609970849514588576e-01,8.831428163984191837e-01,7.337415691133437612e-01,5.248969436278397849e-01,2.735282894519306396e-01,0.000000000000000000e+00
0.000000000000000000e+00,2.708469735835320469e-01,5.197515361563006531e-01,7.265489203510919758e-01,8.744856319718428139e-01,9.515767184565411263e-01,9.515767184565411263e-01,8.744856319718428139e-01,7.265489203510919758e-01,5.197515361563007641e-01,2.708469735835320469e-01,0.000000000000000000e+00
0.000000000000000000e+00,2.681919418512296316e-01,5.146565675725653932e-01,7.194267789696330295e-01,8.659133113303805196e-01,9.422486969918926203e-01,9.422486969918926203e-01,8.659133113303805196e-01,7.194267789696331405e-01,5.146565675725655042e-01,2.681919418512296871e-01,0.000000000000000000e+00
0.000000000000000000e+00,2.655629365995124669e-01,5.096115434393289068e-01,7.123744538062382059e-01,8.574250225797730440e-01,9.330121153268495782e-01,9.330121153268495782e-01,8.574250225797731551e-01,7.123744538062383169e-01,5.096115434393290178e-01,2.655629365995125224e-01,0.000000000000000000e+00
0.000000000000000000e+00,2.629597026985892594e-01,5.046159741661071507e-01,7.053912604734399183e-01,8.490199419805715131e-01,9.238660771044533426e-01,9.238660771044533426e-01,8.490199419805717351e-01,7.053912604734400293e-01,5.046159741661072617e-01,2.629597026985893149e-01,0.000000000000000000e+00
0.000000000000000000e+00,2.603819875196296540e-01,4.996693749617247549e-01,6.984765212926156153e-01,8.406972538681982687e-01,9.148096947544637203e-01,9.148096947544637203e-01,8.406972538681984908e-01,6.984765212926157263e-01,4.996693749617248104e-01,2.603819875196296540e-01,0.000000000000000000e+00
0.000000000000000000e+00,2.578295409102479563e-01,4.947712657872690434e-01,6.916295652282231643e-01,8.324561505737908540e-01,9.058420894072255480e-01,9.058420894072256591e-01,8.324561505737910760e-01,6.916295652282233863e-01,4.947712657872690989e-01,2.578295409102480118e-01,0.000000000000000000e+00
0.000000000000000000e+00,2.553021151702274949e-01,4.899211713095049103e-01,6.848497278226813867e-01,8.242958323458227099e-01,8.969623908083799169e-01,8.969623908083801389e-01,8.242958323458229319e-01,6.848497278226814977e-01,4.899211713095050769e-01,2.553021151702275504e-01,0.000000000000000000e+00
0.000000000000000000e+00,2.527994650274825172e-01,4.851186208547466627e-01,6.781363511318871939e-01,8.162155072724919247e-01,8.881697372344105057e-01,8.881697372344108388e-01,8.162155072724922578e-01,6.781363511318873050e-01,4.851186208547468848e-01,2.527994650274826283e-01,0.000000000000000000e+00
0.000000000000000000e+00,2.503213476142561178e-01,4.803631483631817245e-01,6.714887836613663286e-01,8.082143912048709300e-01,8.794632754090183635e-01,8.794632754090186966e-01,8.082143912048711520e-01,6.714887836613665506e-01,4.803631483631819465e-01,2.503213476142562288e-01,0.000000000000000000e+00
0.000000000000000000e+00,2.478675224435511193e-01,4.756542923436420933e-01,6.649063803030499376e-01,8.002917076808087060e-01,8.708421604203164801e-01,8.708421604203168132e-01,8.002917076808089281e-01,6.649063803030503816e-01,4.756542923436422599e-01,2.478675224435512303e-01,0.000000000000000000e+00
0.000000000000000000e+00,2.454377513857924353e-01,4.709915958288194426e-01,6.583885022726704284e-01,7.924466878495803890e-01,8.623055556388361520e-01,8.623055556388362630e-01,7.924466878495806110e-01,6.583885022726707614e-01,4.709915958288196092e-01,2.454377513857925464e-01,0.000000000000000000e+00
0.000000000000000000e+00,2.430317986457178336e-01,4.663746063309190948e-01,6.519345170477706120e-01,7.846785703972742887e-01,8.538526326363362617e-01,8.538526326363362617e-01,7.846785703972743997e-01,6.519345170477708340e-01,4.663746063309193723e-01,2.430317986457179169e-01,0.000000000000000000e+00
0.000000000000000000e+00,2.406494307394953236e-01,4.618028757977487575e-01,6.455437983063214702e-01,7.769866014729107651e-01,8.454825711054098081e-01,8.454825711054098081e-01,7.769866014729109871e-01,6.455437983063218033e-01,4.618028757977490351e-01,2.406494307394954069e-01,0.000000000000000000e+00
0.000000000000000000e+00,2.382904164720650586e-01,4.572759605692374163e-01,6.392157258659414421e-01,7.693700346152858582e-01,8.371945587798774735e-01,8.371945587798773625e-01,7.693700346152860803e-01,6.392157258659418861e-01,4.572759605692376939e-01,2.382904164720651419e-01,0.000000000000000000e+00
0.000000000000000000e+00,2.359545269147030333e-01,4.527934213343807190e-01,6.329496856237109004e-01,7.618281306805306796e-01,8.289877913559617895e-01,8.289877913559617895e-01,7.618281306805310127e-01,6.329496856237112334e-01,4.527934213343810521e-01,2.359545269147031443e-01,0.000000000000000000e+00
0.000000000000000000e+00,2.336415353828049657e-01,4.483548230886086894e-01,6.267450694965771563e-01,7.543601577703825667e-01,8.208614724142345720e-01,8.208614724142346830e-01,7.543601577703830108e-01,6.267450694965774893e-01,4.483548230886089669e-01,2.336415353828051045e-01,0.000000000000000000e+00
0.000000000000000000e+00,2.313512174138878108e-01,4.439597350915706064e-01,6.206012753623434408e-01,7.469653911611582320e-01,8.128148133423285238e-01,8.128148133423286348e-01,7.469653911611586761e-01,6.206012753623437739e-01,4.439597350915708840e-01,2.313512174138879496e-01,0.000000000000000000e+00
0.000000000000000000e+00,2.290833507458069906e-01,4.396077308253344418e-01,6.145177070012365350e-01,7.396431132334232439e-01,8.048470332584070075e-01,8.048470332584070075e-01,7.396431132334235770e-01,6.145177070012367571e-01,4.396077308253347748e-01,2.290833507458071572e-01,0.000000000000000000e+00
0.000000000000000000e+00,2.268377152951871756e-01,4.352983879529958022e-01,6.084937740380469418e-01,7.323926134023516221e-01,7.969573589353839971e-01,7.969573589353839971e-01,7.323926134023519552e-01,6.084937740380471638e-01,4.352983879529960243e-01,2.268377152951873144e-01,0.000000000000000000e+00
0.000000000000000000e+00,2.246140931360643966e-01,4.310312882776921040e-01,6.025288918848367148e-01,7.252131880487677762e-01,7.891450247258871009e-01,7.891450247258871009e-01,7.252131880487679982e-01,6.025288918848369368e-01,4.310312882776923260e-01,2.246140931360645077e-01,0.000000000000000000e+00
0.000000000000000000e+00,2.224122684787375737e-01,4.268060177020196466e-01,5.966224816842078393e-01,7.181041404508635706e-01,7.814092724879556640e-01,7.814092724879556640e-01,7.181041404508636816e-01,5.966224816842080614e-01,4.268060177020198132e-01,2.224122684787376847e-01,0.000000000000000000e+00
0.000000000000000000e+00,2.202320276488274609e-01,4.226221661878473146e-01,5.907739702531283887e-01,7.110647807165864087e-01,7.737493515114675091e-01,7.737493515114675091e-01,7.110647807165865197e-01,5.907739702531286108e-01,4.226221661878474256e-01,2.202320276488275719e-01,0.000000000000000000e+00
0.000000000000000000e+00,2.180731590665407615e-01,4.184793277165249070e-01,5.849827900273077974e-01,7.040944257166885656e-01,7.661645184452867685e-01,7.661645184452868795e-01,7.040944257166886766e-01,5.849827900273080195e-01,4.184793277165250180e-01,2.180731590665408448e-01,0.000000000000000000e+00
0.000000000000000000e+00,2.159354532261373860e-01,4.143771002494816003e-01,5.792483790061181415e-01,6.971923990184338837e-01,7.586540372251264763e-01,7.586540372251264763e-01,6.971923990184339948e-01,5.792483790061182525e-01,4.143771002494816558e-01,2.159354532261374970e-01,0.000000000000000000e+00
0.000000000000000000e+00,2.138187026755994091e-01,4.103150856892099907e-01,5.735701806980553208e-01,6.903580308199535054e-01,7.512171790021165974e-01,7.512171790021167084e-01,6.903580308199536164e-01,5.735701806980554318e-01,4.103150856892100462e-01,2.138187026755994924e-01,0.000000000000000000e+00
0.000000000000000000e+00,2.117227019964987578e-01,4.062928898406333866e-01,5.679476440667347026e-01,6.835906578852456450e-01,7.438532220720748267e-01,7.438532220720749377e-01,6.835906578852456450e-01,5.679476440667348136e-01,4.062928898406334977e-01,2.117227019964988410e-01,0.000000000000000000e+00
0.000000000000000000e+00,2.096472477840626847e-01,4.023101223728512976e-01,5.623802234774162301e-01,6.768896234798121858e-01,7.365614518054686144e-01,7.365614518054686144e-01,6.768896234798121858e-01,5.623802234774163411e-01,4.023101223728514642e-01,2.096472477840627680e-01,0.000000000000000000e+00
0.000000000000000000e+00,2.075921386274345304e-01,3.983663967812602347e-01,5.568673786440537787e-01,6.702542773069266602e-01,7.293411605780640850e-01,7.293411605780640850e-01,6.702542773069266602e-01,5.568673786440538898e-01,3.983663967812604012e-01,2.075921386274345859e-01,0.000000000000000000e+00
0.000000000000000000e+00,2.055571750901278583e-01,3.944613303500453805e-01,5.514085745768633195e-01,6.636839754445266193e-01,7.221916477022564118e-01,7.221916477022564118e-01,6.636839754445266193e-01,5.514085745768635416e-01,3.944613303500454915e-01,2.055571750901279138e-01,0.000000000000000000e+00
0.000000000000000000e+00,2.035421596906724084e-01,3.905945441150403541e-01,5.460032815304056708e-01,6.571780802827246193e-01,7.151122193590710996e-01,7.151122193590710996e-01,6.571780802827247303e-01,5.460032815304057818e-01,3.905945441150404096e-01,2.035421596906724639e-01,0.000000000000000000e+00
0.000000000000000000e+00,2.015468968834495667e-01,3.867656628269510732e-01,5.406509749521770658e-01,6.507359604619319393e-01,7.081021885308330654e-01,7.081021885308331765e-01,6.507359604619320503e-01,5.406509749521771768e-01,3.867656628269511287e-01,2.015468968834496222e-01,0.000000000000000000e+00
0.000000000000000000e+00,1.995711930397158218e-01,3.829743149149397174e-01,5.353511354317050941e-01,6.443569908115887035e-01,7.011608749344960811e-01,7.011608749344960811e-01,6.443569908115887035e-01,5.353511354317052051e-01,3.829743149149397730e-01,1.995711930397159051e-01,0.000000000000000000e+00
0.000000000000000000e+00,1.976148564288122966e-01,3.792201324505662385e-01,5.301032486501423557e-01,6.380405522894946335e-01,6.942876049556243601e-01,6.942876049556243601e-01,6.380405522894946335e-01,5.301032486501424668e-01,3.792201324505662940e-01,1.976148564288123521e-01,0.000000000000000000e+00
0.000000000000000000e+00,1.956776971995582426e-01,3.755027511120827555e-01,5.249068053303552750e-01,6.317860319217346587e-01,6.874817115830226255e-01,6.874817115830227365e-01,6.317860319217346587e-01,5.249068053303553860e-01,3.755027511120828110e-01,1.956776971995582703e-01,0.000000000000000000e+00
0.000000000000000000e+00,1.937595273618271663e-01,3.718218101490782246e-01,5.197613011875011901e-01,6.255928227431936106e-01,6.807425343440067778e-01,6.807425343440067778e-01,6.255928227431936106e-01,5.197613011875013012e-01,3.718218101490782801e-01,1.937595273618271940e-01,0.000000000000000000e+00
0.000000000000000000e+00,1.918601607683034505e-01,3.681769523474700545e-01,5.146662368800908327e-01,6.194603237386532291e-01,6.740694192403084983e-01,6.740694192403084983e-01,6.194603237386532291e-01,5.146662368800908327e-01,3.681769523474700545e-01,1.918601607683034782e-01,0.000000000000000000e+00
0.000000000000000000e+00,1.899794130964178873e-01,3.645678239948380028e-01,5.096211179615297571e-01,6.133879397844674841e-01,6.674617186846082406e-01,6.674617186846082406e-01,6.133879397844673731e-01,5.096211179615297571e-01,3.645678239948380028e-01,1.899794130964179151e-01,0.000000000000000000e+00
0.000000000000000000e+00,1.881171018304601539e-01,3.609940748460989113e-01,5.046254548321355005e-01,6.073750815908089962e-01,6.609187914376912776e-01,6.609187914376912776e-01,6.073750815908089962e-01,5.046254548321355005e-01,3.609940748460989113e-01,1.881171018304601816e-01,0.000000000000000000e+00
0.000000000000000000e+00,1.862730462438667578e-01,3.574553580895170057e-01,4.996787626916245340e-01,6.014211656444823362e-01,6.544400025462185910e-01,6.544400025462185910e-01,6.014211656444823362e-01,4.996787626916245340e-01,3.574553580895170057e-01,1.862730462438667856e-01,0.000000000000000000e+00
0.000000000000000000e+00,1.844470673816825668e-01,3.539513303130483179e-01,4.947805614920652850e-01,5.955256141522966562e-01,6.480247232811084945e-01,6.480247232811084945e-01,5.955256141522966562e-01,4.947805614920653405e-01,3.539513303130483179e-01,1.844470673816825945e-01,0.000000000000000000e+00
0.000000000000000000e+00,1.826389880431942281e-01,3.504816514710141773e-01,4.899303758912922913e-01,5.896878549849948747e-01,6.416723310765222177e-01,6.416723310765222177e-01,5.896878549849948747e-01,4.899303758912922913e-01,3.504816514710141773e-01,1.826389880431942558e-01,0.000000000000000000e+00
0.000000000000000000e+00,1.808486327647339520e-01,3.470459848511015521e-01,4.851277352067766557e-01,5.839073216217316453e-01,6.353822094694473455e-01,6.353822094694474565e-01,5.839073216217317563e-01,4.851277352067766557e-01,3.470459848511016077e-01,1.808486327647339797e-01,0.000000000000000000e+00
0.000000000000000000e+00,1.790758278026516326e-01,3.436439970416877432e-01,4.803721733699495289e-01,5.781834530950956674e-01,6.291537480398737836e-01,6.291537480398738946e-01,5.781834530950957785e-01,4.803721733699495289e-01,3.436439970416877987e-01,1.790758278026516603e-01,0.000000000000000000e+00
0.000000000000000000e+00,1.773204011164541405e-01,3.402753578994840433e-01,4.756632288809725662e-01,5.725156939366711217e-01,6.229863423515556997e-01,6.229863423515556997e-01,5.725156939366713438e-01,4.756632288809725662e-01,3.402753578994840988e-01,1.773204011164541682e-01,0.000000000000000000e+00
0.000000000000000000e+00,1.755821823521098168e-01,3.369397405174975324e-01,4.710004447639519753e-01,5.669034941231326785e-01,6.168793938933547771e-01,6.168793938933547771e-01,5.669034941231327895e-01,4.710004447639520309e-01,3.369397405174975879e-01,1.755821823521098168e-01,0.000000000000000000e+00
0.000000000000000000e+00,1.738610028255164475e-01,3.336368211933066208e-01,4.663833685225918790e-01,5.613463090228687502e-01,6.108323100211578982e-01,6.108323100211578982e-01,5.613463090228687502e-01,4.663833685225919345e-01,3.336368211933066763e-01,1.738610028255164752e-01,0.000000000000000000e+00
0.000000000000000000e+00,1.721566955061315518e-01,3.303662793976475109e-01,4.618115520962818299e-01,5.558435993431282141e-01,6.048445039003649271e-01,6.048445039003649271e-01,5.558435993431282141e-01,4.618115520962818854e-01,3.303662793976475665e-01,1.721566955061316073e-01,0.000000000000000000e+00
0.000000000000000000e+00,1.704690950007630712e-01,3.271277977433088013e-01,4.572845518166154810e-01,5.503948310776853869e-01,5.989153944489393755e-01,5.989153944489392645e-01,5.503948310776854980e-01,4.572845518166155365e-01,3.271277977433088568e-01,1.704690950007631267e-01,0.000000000000000000e+00
0.000000000000000000e+00,1.687980375375187636e-01,3.239210619543308467e-01,4.528019283643348603e-01,5.449994754550177012e-01,5.930444062810176220e-01,5.930444062810176220e-01,5.449994754550177012e-01,4.528019283643349158e-01,3.239210619543309577e-01,1.687980375375188191e-01,0.000000000000000000e+00
0.000000000000000000e+00,1.671433609499132500e-01,3.207457608355070433e-01,4.483632467266970290e-01,5.396570088869910853e-01,5.872309696510715771e-01,5.872309696510716881e-01,5.396570088869910853e-01,4.483632467266970290e-01,3.207457608355071543e-01,1.671433609499133055e-01,0.000000000000000000e+00
0.000000000000000000e+00,1.655049046611306029e-01,3.176015862421842084e-01,4.439680761552586841e-01,5.343669129180492749e-01,5.814745203986178002e-01,5.814745203986179112e-01,5.343669129180492749e-01,4.439680761552586286e-01,3.176015862421842639e-01,1.655049046611306585e-01,0.000000000000000000e+00
0.000000000000000000e+00,1.638825096684412841e-01,3.144882330503587231e-01,4.396159901240743184e-01,5.291286741749003930e-01,5.757744998934690717e-01,5.757744998934690717e-01,5.291286741749003930e-01,4.396159901240742629e-01,3.144882330503587786e-01,1.638825096684413396e-01,0.000000000000000000e+00
0.000000000000000000e+00,1.622760185277719036e-01,3.114053991270663291e-01,4.353065662883047193e-01,5.239417843166972455e-01,5.701303549815222027e-01,5.701303549815222027e-01,5.239417843166972455e-01,4.353065662883046638e-01,3.114053991270663291e-01,1.622760185277719591e-01,0.000000000000000000e+00
0.000000000000000000e+00,1.606852753384261367e-01,3.083527853010615827e-01,4.310393864432303657e-01,5.188057399857055607e-01,5.645415379310784187e-01,5.645415379310783077e-01,5.188057399857055607e-01,4.310393864432303102e-01,3.083527853010615272e-01,1.606852753384261645e-01,0.000000000000000000e+00
0.000000000000000000e+00,1.591101257279554648e-01,3.053300953337851342e-01,4.268140364836674472e-01,5.137200427584561746e-01,5.590075063796883237e-01,5.590075063796882127e-01,5.137200427584561746e-01,4.268140364836673362e-01,3.053300953337850787e-01,1.591101257279554648e-01,0.000000000000000000e+00
0.000000000000000000e+00,1.575504168371782421e-01,3.023370358906154465e-01,4.226301063637811217e-01,5.086841990973758332e-01,5.535277232815192239e-01,5.535277232815191129e-01,5.086841990973758332e-01,4.226301063637809552e-01,3.023370358906154465e-01,1.575504168371782421e-01,0.000000000000000000e+00
0.000000000000000000e+00,1.560059973053455895e-01,2.993733165124026208e-01,4.184871900572930681e-01,5.036977203028921712e-01,5.481016568552379287e-01,5.481016568552378176e-01,5.036977203028921712e-01,4.184871900572929015e-01,2.993733165124025652e-01,1.560059973053455895e-01,0.000000000000000000e+00
0.000000000000000000e+00,1.544767172554526724e-01,2.964386495872804450e-01,4.143848855180787827e-01,4.987601224660085375e-01,5.427287805324040315e-01,5.427287805324040315e-01,4.987601224660085375e-01,4.143848855180786717e-01,2.964386495872803895e-01,1.544767172554526447e-01,0.000000000000000000e+00
0.000000000000000000e+00,1.529624282796940571e-01,2.935327503227558865e-01,4.103227946411517335e-01,4.938709264213428929e-01,5.374085729063702299e-01,5.374085729063701189e-01,4.938709264213428374e-01,4.103227946411516225e-01,2.935327503227558310e-01,1.529624282796940293e-01,0.000000000000000000e+00
0.000000000000000000e+00,1.514629834250615370e-01,2.906553367180713110e-01,4.063005232240289866e-01,4.890296577006281176e-01,5.321405176816819127e-01,5.321405176816818017e-01,4.890296577006280065e-01,4.063005232240288200e-01,2.906553367180712000e-01,1.514629834250615370e-01,0.000000000000000000e+00
0.000000000000000000e+00,1.499782371790832625e-01,2.878061295368379846e-01,4.023176809284765842e-01,4.842358464866671208e-01,5.269241036239743492e-01,5.269241036239742382e-01,4.842358464866670098e-01,4.023176809284764732e-01,2.878061295368379291e-01,1.499782371790832625e-01,0.000000000000000000e+00
0.000000000000000000e+00,1.485080454557025087e-01,2.849848522799379169e-01,3.983738812426293463e-01,4.794890275677402558e-01,5.217588245103601530e-01,5.217588245103600419e-01,4.794890275677401448e-01,3.983738812426292353e-01,2.849848522799378614e-01,1.485080454557025087e-01,0.000000000000000000e+00
0.000000000000000000e+00,1.470522655812949719e-01,2.821912311586911026e-01,3.944687414434821515e-01,4.747887402924588773e-01,5.166441790803031342e-01,5.166441790803030232e-01,4.747887402924587663e-01,3.944687414434819850e-01,2.821912311586910471e-01,1.470522655812949719e-01,0.000000000000000000e+00
0.000000000000000000e+00,1.456107562808232059e-01,2.794249950682858863e-01,3.906018825597485922e-01,4.701345285250618788e-01,5.115796709869739889e-01,5.115796709869739889e-01,4.701345285250617123e-01,3.906018825597484811e-01,2.794249950682858308e-01,1.456107562808232059e-01,0.000000000000000000e+00
0.000000000000000000e+00,1.441833776641265885e-01,2.766858755614698961e-01,3.867729293350845587e-01,4.655259406011503232e-01,5.065648087490826068e-01,5.065648087490826068e-01,4.655259406011501566e-01,3.867729293350843922e-01,2.766858755614698406e-01,1.441833776641265885e-01,0.000000000000000000e+00
0.000000000000000000e+00,1.427699912123458204e-01,2.739736068224987164e-01,3.829815101916711484e-01,4.609625292838561705e-01,5.015991057031827793e-01,5.015991057031827793e-01,4.609625292838560040e-01,3.829815101916709263e-01,2.739736068224986609e-01,1.427699912123457926e-01,0.000000000000000000e+00
0.000000000000000000e+00,1.413704597644804828e-01,2.712879256413400775e-01,3.792272571941556758e-01,4.564438517204402745e-01,4.966820799564442002e-01,4.966820799564442002e-01,4.564438517204401080e-01,3.792272571941554538e-01,2.712879256413400220e-01,1.413704597644804550e-01,0.000000000000000000e+00
0.000000000000000000e+00,1.399846475040783522e-01,2.686285713881307879e-01,3.755098060139454574e-01,4.519694693993163148e-01,4.918132543398877066e-01,4.918132543398876511e-01,4.519694693993161483e-01,3.755098060139452354e-01,2.686285713881307324e-01,1.399846475040783245e-01,0.000000000000000000e+00
0.000000000000000000e+00,1.386124199460552209e-01,2.659952859878840226e-01,3.718287958938517601e-01,4.475389481074956155e-01,4.869921563620785432e-01,4.869921563620785432e-01,4.475389481074953935e-01,3.718287958938515936e-01,2.659952859878839115e-01,1.386124199460551931e-01,0.000000000000000000e+00
0.000000000000000000e+00,1.372536439236438088e-01,2.633878138954448556e-01,3.681838696130805832e-01,4.431518578884492410e-01,4.822183181632739846e-01,4.822183181632739846e-01,4.431518578884490189e-01,3.681838696130804167e-01,2.633878138954447445e-01,1.372536439236438088e-01,0.000000000000000000e+00
0.000000000000000000e+00,1.359081875754708513e-01,2.608059020706908759e-01,3.645746734525662780e-01,4.388077730003834276e-01,4.774912764700201540e-01,4.774912764700201540e-01,4.388077730003832055e-01,3.645746734525661115e-01,2.608059020706907649e-01,1.359081875754708235e-01,0.000000000000000000e+00
0.000000000000000000e+00,1.345759203327605014e-01,2.582492999539761636e-01,3.610008571606452277e-01,4.345062718749236330e-01,4.728105725501940970e-01,4.728105725501940970e-01,4.345062718749234110e-01,3.610008571606450611e-01,2.582492999539761080e-01,1.345759203327604459e-01,0.000000000000000000e+00
0.000000000000000000e+00,1.332567129066635769e-01,2.557177594418160171e-01,3.574620739190659813e-01,4.302469370762036505e-01,4.681757521684863366e-01,4.681757521684862811e-01,4.302469370762034839e-01,3.574620739190658147e-01,2.557177594418159616e-01,1.332567129066635214e-01,0.000000000000000000e+00
0.000000000000000000e+00,1.319504372757107358e-01,2.532110348628098251e-01,3.539579803093323429e-01,4.260293552603561795e-01,4.635863655423201335e-01,4.635863655423200780e-01,4.260293552603560685e-01,3.539579803093322319e-01,2.532110348628097696e-01,1.319504372757106803e-01,0.000000000000000000e+00
0.000000000000000000e+00,1.306569666733887192e-01,2.507288829538000252e-01,3.504882362793769746e-01,4.218531171353999132e-01,4.590419672982024579e-01,4.590419672982024579e-01,4.218531171353998577e-01,3.504882362793769190e-01,2.507288829537999697e-01,1.306569666733886637e-01,0.000000000000000000e+00
0.000000000000000000e+00,1.293761755758384424e-01,2.482710628362650718e-01,3.470525051105609604e-01,4.177178174215202544e-01,4.545421164285032845e-01,4.545421164285032845e-01,4.177178174215201434e-01,3.470525051105608494e-01,2.482710628362650163e-01,1.293761755758384147e-01,0.000000000000000000e+00
0.000000000000000000e+00,1.281079396896736000e-01,2.458373359929432456e-01,3.436504533849972232e-01,4.136230548117391104e-01,4.500863762486583264e-01,4.500863762486582709e-01,4.136230548117389993e-01,3.436504533849971121e-01,2.458373359929431901e-01,1.281079396896736000e-01,0.000000000000000000e+00
0.000000000000000000e+00,1.268521359399187309e-01,2.434274662446861415e-01,3.402817509531944618e-01,4.095684319329705447e-01,4.456743143547910457e-01,4.456743143547910457e-01,4.095684319329704337e-01,3.402817509531943507e-01,2.434274662446860860e-01,1.268521359399187309e-01,0.000000000000000000e+00
0.000000000000000000e+00,1.256086424580654115e-01,2.410412197275387802e-01,3.369460709020178912e-01,4.055535553074579580e-01,4.413055025817508303e-01,4.413055025817507748e-01,4.055535553074577915e-01,3.369460709020177247e-01,2.410412197275387525e-01,1.256086424580654115e-01,0.000000000000000000e+00
0.000000000000000000e+00,1.243773385702457712e-01,2.386783648700444571e-01,3.336430895229642313e-01,4.015780353145891879e-01,4.369795169615614538e-01,4.369795169615613428e-01,4.015780353145889658e-01,3.336430895229640092e-01,2.386783648700444294e-01,1.243773385702457712e-01,0.000000000000000000e+00
0.000000000000000000e+00,1.231581047855216660e-01,2.363386723707720793e-01,3.303724862807475571e-01,3.976414861530862543e-01,4.326959376822778758e-01,4.326959376822777092e-01,3.976414861530859768e-01,3.303724862807473905e-01,2.363386723707720516e-01,1.231581047855216660e-01,0.000000000000000000e+00
0.000000000000000000e+00,1.219508227842888426e-01,2.340219151760637994e-01,3.271339437821934593e-01,3.937435258035654750e-01,4.284543490472456639e-01,4.284543490472455529e-01,3.937435258035651975e-01,3.271339437821933482e-01,2.340219151760637439e-01,1.219508227842888426e-01,0.000000000000000000e+00
0.000000000000000000e+00,1.207553754067946516e-01,2.317278684580006964e-01,3.239271477454377934e-01,3.898837759914647871e-01,4.242543394347603747e-01,4.242543394347602637e-01,3.898837759914645651e-01,3.239271477454376269e-01,2.317278684580006687e-01,1.207553754067946516e-01,0.000000000000000000e+00
0.000000000000000000e+00,1.195716466417684198e-01,2.294563095925846452e-01,3.207517869694271884e-01,3.860618621503342784e-01,4.200955012581216175e-01,4.200955012581214509e-01,3.860618621503341119e-01,3.207517869694270218e-01,2.294563095925846175e-01,1.195716466417684198e-01,0.000000000000000000e+00
0.000000000000000000e+00,1.183995216151632057e-01,2.272070181381338483e-01,3.176075533037189813e-01,3.822774133854868195e-01,4.159774309260793057e-01,4.159774309260792502e-01,3.822774133854865974e-01,3.176075533037188703e-01,2.272070181381337928e-01,1.183995216151632057e-01,0.000000000000000000e+00
0.000000000000000000e+00,1.172388865790078977e-01,2.249797758138901982e-01,3.144941416185770833e-01,3.785300624380046330e-01,4.118997288036675974e-01,4.118997288036675974e-01,3.785300624380044665e-01,3.144941416185769723e-01,2.249797758138901149e-01,1.172388865790078838e-01,0.000000000000000000e+00
0.000000000000000000e+00,1.160896289003686965e-01,2.227743664788365274e-01,3.114112497753607212e-01,3.748194456490990811e-01,4.078619991734223627e-01,4.078619991734223627e-01,3.748194456490989701e-01,3.114112497753605546e-01,2.227743664788364719e-01,1.160896289003686827e-01,0.000000000000000000e+00
0.000000000000000000e+00,1.149516370504186924e-01,2.205905761107213592e-01,3.083585785972036142e-01,3.711452029248198392e-01,4.038638501969792349e-01,4.038638501969792349e-01,3.711452029248197282e-01,3.083585785972035032e-01,2.205905761107213037e-01,1.149516370504186785e-01,0.000000000000000000e+00
0.000000000000000000e+00,1.138248005936146612e-01,2.184281927852890770e-01,3.053358318399808091e-01,3.675069777011095162e-01,3.999048938770479178e-01,3.999048938770478623e-01,3.675069777011094607e-01,3.053358318399807536e-01,2.184281927852890215e-01,1.138248005936146334e-01,0.000000000000000000e+00
0.000000000000000000e+00,1.127090101769798874e-01,2.162870066557141535e-01,3.023427161635597327e-01,3.639044169092015002e-01,3.959847460197593594e-01,3.959847460197593039e-01,3.639044169092013892e-01,3.023427161635596216e-01,2.162870066557141258e-01,1.127090101769798736e-01,0.000000000000000000e+00
0.000000000000000000e+00,1.116041575194921670e-01,2.141668099322366348e-01,2.993789411033331294e-01,3.603371709413563106e-01,3.921030261973818543e-01,3.921030261973817987e-01,3.603371709413561996e-01,2.993789411033329628e-01,2.141668099322365793e-01,1.116041575194921531e-01,0.000000000000000000e+00
0.000000000000000000e+00,1.105101354015756987e-01,2.120673968619972150e-01,2.964442190420312762e-01,3.568048936169345708e-01,3.882593577114027417e-01,3.882593577114026306e-01,3.568048936169344598e-01,2.964442190420311096e-01,2.120673968619971594e-01,1.105101354015756709e-01,0.000000000000000000e+00
0.000000000000000000e+00,1.094268376546960464e-01,2.099885637090703194e-01,2.935382651818104760e-01,3.533072421488019366e-01,3.844533675559720920e-01,3.844533675559720365e-01,3.533072421488018255e-01,2.935382651818103095e-01,2.099885637090702917e-01,1.094268376546960186e-01,0.000000000000000000e+00
0.000000000000000000e+00,1.083541591510571167e-01,2.079301087346925869e-01,2.906607975166148883e-01,3.498438771100635947e-01,3.806846863817044957e-01,3.806846863817044957e-01,3.498438771100634281e-01,2.906607975166147773e-01,2.079301087346925592e-01,1.083541591510570890e-01,0.000000000000000000e+00
0.000000000000000000e+00,1.072919957933990975e-01,2.058918321776852800e-01,2.878115368048095868e-01,3.464144624011248341e-01,3.769529484598359570e-01,3.769529484598359570e-01,3.464144624011247231e-01,2.878115368048094203e-01,2.058918321776852522e-01,1.072919957933990698e-01,0.000000000000000000e+00
0.000000000000000000e+00,1.062402445048964417e-01,2.038735362350686808e-01,2.849902065420816810e-01,3.430186652170747474e-01,3.732577916467319512e-01,3.732577916467319512e-01,3.430186652170746919e-01,2.849902065420815700e-01,2.038735362350686253e-01,1.062402445048964139e-01,0.000000000000000000e+00
0.000000000000000000e+00,1.051988032191548128e-01,2.018750250428664184e-01,2.821965329346072804e-01,3.396561560153890658e-01,3.695988573487434259e-01,3.695988573487433704e-01,3.396561560153890102e-01,2.821965329346071694e-01,2.018750250428663628e-01,1.051988032191547850e-01,0.000000000000000000e+00
0.000000000000000000e+00,1.041675708703061892e-01,1.998961046570979505e-01,2.794302448724812482e-01,3.363266084839503511e-01,3.659757904874075818e-01,3.659757904874074708e-01,3.363266084839502956e-01,2.794302448724811372e-01,1.998961046570978950e-01,1.041675708703061476e-01,0.000000000000000000e+00
0.000000000000000000e+00,1.031464473832009454e-01,1.979365830349575084e-01,2.766910739034076361e-01,3.330296995093808832e-01,3.623882394649892147e-01,3.623882394649891592e-01,3.330296995093808277e-01,2.766910739034075251e-01,1.979365830349574529e-01,1.031464473832009038e-01,0.000000000000000000e+00
0.000000000000000000e+00,1.021353336636961762e-01,1.959962700161774485e-01,2.739787542066479120e-01,3.297651091456866856e-01,3.588358561303606198e-01,3.588358561303605643e-01,3.297651091456866301e-01,2.739787542066478010e-01,1.959962700161773652e-01,1.021353336636961345e-01,0.000000000000000000e+00
0.000000000000000000e+00,1.011341315890391668e-01,1.940749773045741255e-01,2.712930225672246509e-01,3.265325205832085853e-01,3.553182957452151181e-01,3.553182957452150625e-01,3.265325205832084743e-01,2.712930225672245954e-01,1.940749773045740423e-01,1.011341315890391390e-01,0.000000000000000000e+00
0.000000000000000000e+00,1.001427439983451628e-01,1.921725184497751204e-01,2.686336183503779673e-01,3.233316201178773053e-01,3.518352169506123173e-01,3.518352169506122618e-01,3.233316201178772498e-01,2.686336183503779118e-01,1.921725184497750372e-01,1.001427439983451212e-01,0.000000000000000000e+00
0.000000000000000000e+00,9.916107468316842644e-02,1.902887088291250195e-01,2.660002834762724699e-01,3.201620971207708166e-01,3.483862817338513884e-01,3.483862817338513329e-01,3.201620971207708166e-01,2.660002834762724144e-01,1.902887088291249640e-01,9.916107468316838480e-02,0.000000000000000000e+00
0.000000000000000000e+00,9.818902837816578799e-02,1.884233656297691073e-01,2.633927623949519070e-01,3.170236440079692852e-01,3.449711553956686383e-01,3.449711553956686383e-01,3.170236440079692297e-01,2.633927623949519070e-01,1.884233656297690518e-01,9.818902837816576024e-02,0.000000000000000000e+00
0.000000000000000000e+00,9.722651075185173575e-02,1.865763078309122247e-01,2.608108020615398925e-01,3.139159562107057821e-01,3.415895065177569911e-01,3.415895065177569911e-01,3.139159562107057821e-01,2.608108020615398370e-01,1.865763078309121692e-01,9.722651075185169411e-02,0.000000000000000000e+00
0.000000000000000000e+00,9.627342839744398861e-02,1.847473561862518765e-01,2.582541519116830497e-01,3.108387321458098707e-01,3.382410069306037714e-01,3.382410069306037714e-01,3.108387321458099262e-01,2.582541519116829387e-01,1.847473561862517655e-01,9.627342839744396086e-02,0.000000000000000000e+00
0.000000000000000000e+00,9.532968882379902475e-02,1.829363332065832848e-01,2.557225638372351839e-01,3.077916731864406286e-01,3.349253316816436787e-01,3.349253316816437342e-01,3.077916731864406286e-01,2.557225638372351284e-01,1.829363332065832015e-01,9.532968882379898312e-02,0.000000000000000000e+00
0.000000000000000000e+00,9.439520044643623375e-02,1.811430631425752780e-01,2.532157921621801533e-01,3.047744836331063856e-01,3.316421590037241240e-01,3.316421590037241796e-01,3.047744836331063301e-01,2.532157921621800978e-01,1.811430631425751947e-01,9.439520044643620600e-02,0.000000000000000000e+00
0.000000000000000000e+00,9.346987257865027598e-02,1.793673719677146283e-01,2.507335936187900516e-01,3.017868706849690663e-01,3.283911702838793745e-01,3.283911702838794300e-01,3.017868706849690108e-01,2.507335936187899961e-01,1.793673719677145728e-01,9.346987257865024823e-02,0.000000000000000000e+00
0.000000000000000000e+00,9.255361542271037245e-02,1.776090873614179777e-01,2.482757273240175921e-01,2.988285444114295308e-01,3.251720500324112306e-01,3.251720500324112306e-01,2.988285444114294753e-01,2.482757273240175089e-01,1.776090873614178944e-01,9.255361542271034470e-02,0.000000000000000000e+00
0.000000000000000000e+00,9.164634006114603937e-02,1.758680386923089090e-01,2.458419547561198626e-01,2.958992177239914145e-01,3.219844858522724618e-01,3.219844858522724063e-01,2.958992177239914700e-01,2.458419547561198071e-01,1.758680386923088257e-01,9.164634006114599774e-02,0.000000000000000000e+00
0.000000000000000000e+00,9.074795844811807399e-02,1.741440570016593026e-01,2.434320397315111739e-01,2.929986063484009140e-01,3.188281684087504453e-01,3.188281684087504453e-01,2.929986063484010250e-01,2.434320397315111739e-01,1.741440570016592471e-01,9.074795844811803236e-02,0.000000000000000000e+00
0.000000000000000000e+00,8.985838340087427822e-02,1.724369749869928969e-01,2.410457483818427837e-01,2.901264287970595213e-01,3.157027913994481239e-01,3.157027913994481794e-01,2.901264287970596323e-01,2.410457483818427560e-01,1.724369749869928137e-01,8.985838340087423659e-02,0.000000000000000000e+00
0.000000000000000000e+00,8.897752859128883751e-02,1.707466269858493868e-01,2.386828491313071621e-01,2.872824063417073193e-01,3.126080515245591163e-01,3.126080515245591718e-01,2.872824063417073748e-01,2.386828491313071621e-01,1.707466269858493313e-01,8.897752859128879588e-02,0.000000000000000000e+00
0.000000000000000000e+00,8.810530853748471669e-02,1.690728489597079776e-01,2.363431126741651900e-01,2.844662629863739522e-01,3.095436484574340397e-01,3.095436484574340952e-01,2.844662629863740078e-01,2.363431126741651622e-01,1.690728489597078943e-01,8.810530853748467506e-02,0.000000000000000000e+00
0.000000000000000000e+00,8.724163859553808742e-02,1.674154784780682859e-01,2.340263119524931268e-01,2.816777254405949948e-01,3.065092848154357674e-01,3.065092848154358229e-01,2.816777254405949948e-01,2.340263119524930713e-01,1.674154784780682304e-01,8.724163859553803191e-02,0.000000000000000000e+00
0.000000000000000000e+00,8.638643495126413496e-02,1.657743547026875319e-01,2.317322221341480415e-01,2.789165230928903894e-01,3.035046661310800697e-01,3.035046661310800697e-01,2.789165230928903894e-01,2.317322221341479860e-01,1.657743547026875042e-01,8.638643495126407945e-02,0.000000000000000000e+00
0.000000000000000000e+00,8.553961461208341166e-02,1.641493183719720250e-01,2.294606205909491270e-01,2.761823879845035079e-01,3.005295008234590837e-01,3.005295008234591392e-01,2.761823879845035079e-01,2.294606205909490992e-01,1.641493183719719695e-01,8.553961461208335615e-02,0.000000000000000000e+00
0.000000000000000000e+00,8.470109539896783502e-02,1.625402117855217488e-01,2.272112868770729821e-01,2.734750547833970646e-01,2.975835001699455029e-01,2.975835001699455029e-01,2.734750547833970646e-01,2.272112868770729543e-01,1.625402117855216932e-01,8.470109539896779338e-02,0.000000000000000000e+00
0.000000000000000000e+00,8.387079593846576142e-02,1.609468787888264363e-01,2.249840027076605020e-01,2.707942607585042127e-01,2.946663782781731578e-01,2.946663782781731022e-01,2.707942607585042127e-01,2.249840027076604743e-01,1.609468787888263808e-01,8.387079593846570591e-02,0.000000000000000000e+00
0.000000000000000000e+00,8.304863565480505305e-02,1.593691647581117199e-01,2.227785519376336565e-01,2.681397457542320506e-01,2.917778520582932078e-01,2.917778520582931523e-01,2.681397457542320506e-01,2.227785519376336287e-01,1.593691647581116644e-01,8.304863565480499754e-02,0.000000000000000000e+00
0.000000000000000000e+00,8.223453476207373547e-02,1.578069165853337730e-01,2.205947205407199352e-01,2.655112521652150392e-01,2.889176411955017842e-01,2.889176411955017842e-01,2.655112521652150392e-01,2.205947205407198797e-01,1.578069165853337175e-01,8.223453476207369384e-02,0.000000000000000000e+00
0.000000000000000000e+00,8.142841425647727449e-02,1.562599826633210287e-01,2.184322965886821011e-01,2.629085249113157774e-01,2.860854681228370833e-01,2.860854681228370833e-01,2.629085249113157774e-01,2.184322965886820733e-01,1.562599826633209732e-01,8.142841425647724674e-02,0.000000000000000000e+00
0.000000000000000000e+00,8.063019590867162578e-02,1.547282128710616156e-01,2.162910702307520583e-01,2.603313114128711359e-01,2.832810579942429685e-01,2.832810579942429685e-01,2.603313114128711914e-01,2.162910702307520583e-01,1.547282128710615601e-01,8.063019590867159803e-02,0.000000000000000000e+00
0.000000000000000000e+00,7.983980225617154369e-02,1.532114585591349831e-01,2.141708336732659479e-01,2.577793615661806981e-01,2.805041386578969731e-01,2.805041386578970286e-01,2.577793615661807536e-01,2.141708336732659479e-01,1.532114585591349276e-01,7.983980225617151594e-02,0.000000000000000000e+00
0.000000000000000000e+00,7.905715659583337218e-02,1.517095725352862468e-01,2.120713811594988063e-01,2.552524277192356750e-01,2.777544406297993151e-01,2.777544406297993707e-01,2.552524277192357305e-01,2.120713811594987785e-01,1.517095725352862190e-01,7.905715659583333055e-02,0.000000000000000000e+00
0.000000000000000000e+00,7.828218297641133250e-02,1.502224090501421694e-01,2.099925089496972597e-01,2.527502646476856851e-01,2.750316970676211503e-01,2.750316970676211503e-01,2.527502646476857406e-01,2.099925089496972319e-01,1.502224090501421416e-01,7.828218297641129086e-02,0.000000000000000000e+00
0.000000000000000000e+00,7.751480619118698845e-02,1.487498237830669201e-01,2.079340153013077008e-01,2.502726295310412907e-01,2.723356437448089529e-01,2.723356437448090084e-01,2.502726295310413462e-01,2.079340153013076731e-01,1.487498237830668646e-01,7.751480619118696069e-02,0.000000000000000000e+00
0.000000000000000000e+00,7.675495177067083452e-02,1.472916738281565829e-01,2.058957004493983389e-01,2.478192819291094307e-01,2.696660190249430822e-01,2.696660190249431377e-01,2.478192819291094584e-01,2.058957004493983112e-01,1.472916738281565274e-01,7.675495177067080677e-02,0.000000000000000000e+00
0.000000000000000000e+00,7.600254597537543788e-02,1.458478176803710558e-01,2.038773665872731233e-01,2.453899837586602795e-01,2.670225638363472598e-01,2.670225638363472598e-01,2.453899837586602795e-01,2.038773665872730956e-01,1.458478176803710002e-01,7.600254597537541013e-02,0.000000000000000000e+00
0.000000000000000000e+00,7.525751578865946811e-02,1.444181152218017294e-01,2.018788178472758210e-01,2.429844992703225626e-01,2.644050216469471248e-01,2.644050216469471248e-01,2.429844992703225626e-01,2.018788178472757933e-01,1.444181152218017017e-01,7.525751578865944036e-02,0.000000000000000000e+00
0.000000000000000000e+00,7.451978890964189306e-02,1.430024277080738648e-01,1.998998602817821102e-01,2.406025950257054680e-01,2.618131384393755368e-01,2.618131384393755923e-01,2.406025950257054680e-01,1.998998602817820824e-01,1.430024277080738648e-01,7.451978890964186530e-02,0.000000000000000000e+00
0.000000000000000000e+00,7.378929374618549419e-02,1.416006177548822798e-01,1.979403018443781359e-01,2.382440398747448229e-01,2.592466626863214607e-01,2.592466626863214607e-01,2.382440398747448229e-01,1.979403018443781359e-01,1.416006177548822798e-01,7.378929374618546644e-02,0.000000000000000000e+00
0.000000000000000000e+00,7.306595940794935462e-02,1.402125493246589860e-01,1.959999523712235292e-01,2.359086049332712320e-01,2.567053453261206597e-01,2.567053453261206597e-01,2.359086049332712320e-01,1.959999523712235292e-01,1.402125493246589860e-01,7.306595940794934074e-02,0.000000000000000000e+00
0.000000000000000000e+00,7.234971569950934822e-02,1.388380877133714164e-01,1.940786235625970024e-01,2.335960635607982616e-01,2.541889397385859173e-01,2.541889397385858618e-01,2.335960635607982616e-01,1.940786235625970024e-01,1.388380877133714442e-01,7.234971569950933434e-02,0.000000000000000000e+00
0.000000000000000000e+00,7.164049311354603322e-02,1.374770995374504090e-01,1.921761289646230775e-01,2.313061913385282276e-01,2.516972017210735713e-01,2.516972017210735713e-01,2.313061913385282276e-01,1.921761289646230775e-01,1.374770995374504090e-01,7.164049311354601934e-02,0.000000000000000000e+00
0.000000000000000000e+00,7.093822282409939506e-02,1.361294527208458671e-01,1.902922839511776987e-01,2.290387660475736720e-01,2.492298894647855811e-01,2.492298894647855811e-01,2.290387660475736720e-01,1.902922839511776709e-01,1.361294527208458671e-01,7.093822282409938118e-02,0.000000000000000000e+00
0.000000000000000000e+00,7.024283667988970303e-02,1.347950164822096786e-01,1.884269057059714536e-01,2.267935676473923912e-01,2.467867635313029384e-01,2.467867635313029384e-01,2.267935676473923912e-01,1.884269057059714536e-01,1.347950164822096786e-01,7.024283667988967528e-02,0.000000000000000000e+00
0.000000000000000000e+00,6.955426719770377297e-02,1.334736613222041457e-01,1.865798132048082092e-01,2.245703782544336280e-01,2.443675868293497533e-01,2.443675868293497533e-01,2.245703782544336280e-01,1.865798132048082092e-01,1.334736613222041457e-01,6.955426719770374522e-02,0.000000000000000000e+00
0.000000000000000000e+00,6.887244755584616407e-02,1.321652590109346770e-01,1.847508271980178030e-01,2.223689821209937911e-01,2.419721245917849095e-01,2.419721245917849095e-01,2.223689821209937911e-01,1.847508271980178030e-01,1.321652590109347047e-01,6.887244755584613631e-02,0.000000000000000000e+00
0.000000000000000000e+00,6.819731158765449108e-02,1.308696825755060189e-01,1.829397701930608466e-01,2.201891656142794251e-01,2.396001443528191777e-01,2.396001443528191777e-01,2.201891656142794251e-01,1.829397701930608466e-01,1.308696825755060467e-01,6.819731158765446333e-02,0.000000000000000000e+00
0.000000000000000000e+00,6.752879377507833847e-02,1.295868062877001126e-01,1.811464664373041711e-01,2.180307171956752943e-01,2.372514159254558996e-01,2.372514159254558996e-01,2.180307171956752943e-01,1.811464664373041988e-01,1.295868062877001403e-01,6.752879377507831071e-02,0.000000000000000000e+00
0.000000000000000000e+00,6.686682924232109637e-02,1.283165056517749647e-01,1.793707419009649973e-01,2.158934274002158316e-01,2.349257113791524687e-01,2.349257113791524409e-01,2.158934274002158316e-01,1.793707419009650250e-01,1.283165056517749925e-01,6.686682924232108249e-02,0.000000000000000000e+00
0.000000000000000000e+00,6.621135374954416342e-02,1.270586573923830342e-01,1.776124242602223624e-01,2.137770888162578153e-01,2.326228050177011342e-01,2.326228050177011064e-01,2.137770888162578153e-01,1.776124242602223902e-01,1.270586573923830620e-01,6.621135374954416342e-02,0.000000000000000000e+00
0.000000000000000000e+00,6.556230368663282237e-02,1.258131394426080796e-01,1.758713428804941081e-01,2.116814960653521649e-01,2.303424733573264938e-01,2.303424733573264660e-01,2.116814960653521649e-01,1.758713428804941081e-01,1.258131394426081351e-01,6.556230368663282237e-02,0.000000000000000000e+00
0.000000000000000000e+00,6.491961606702326137e-02,1.245798309321192732e-01,1.741473287998777375e-01,2.096064457823132166e-01,2.280844951049975922e-01,2.280844951049975644e-01,2.096064457823132166e-01,1.741473287998777375e-01,1.245798309321193148e-01,6.491961606702326137e-02,0.000000000000000000e+00
0.000000000000000000e+00,6.428322852159006062e-02,1.233586121754414178e-01,1.724402147127536422e-01,2.075517365954833160e-01,2.258486511369527661e-01,2.258486511369527383e-01,2.075517365954833160e-01,1.724402147127536422e-01,1.233586121754414455e-01,6.428322852159007450e-02,0.000000000000000000e+00
0.000000000000000000e+00,6.365307929259367281e-02,1.221493646603401817e-01,1.707498349535491455e-01,2.055171691071908113e-01,2.236347244774349319e-01,2.236347244774349319e-01,2.055171691071908113e-01,1.707498349535491455e-01,1.221493646603402095e-01,6.365307929259368669e-02,0.000000000000000000e+00
0.000000000000000000e+00,6.302910722768716167e-02,1.209519710363211320e-01,1.690760254806615293e-01,2.035025458743996984e-01,2.214425002776354012e-01,2.214425002776354012e-01,2.035025458743996984e-01,1.690760254806615293e-01,1.209519710363211598e-01,6.302910722768717555e-02,0.000000000000000000e+00
0.000000000000000000e+00,6.241125177398172685e-02,1.197663151032416079e-01,1.674186238605386567e-01,2.015076713895488925e-01,2.192717657948438648e-01,2.192717657948438925e-01,2.015076713895488925e-01,1.674186238605386567e-01,1.197663151032416357e-01,6.241125177398173379e-02,0.000000000000000000e+00
0.000000000000000000e+00,6.179945297217038364e-02,1.185922818000341022e-01,1.657774692519159432e-01,1.995323520615793766e-01,2.171223103718031844e-01,2.171223103718031844e-01,1.995323520615793766e-01,1.657774692519159709e-01,1.185922818000341300e-01,6.179945297217039057e-02,0.000000000000000000e+00
0.000000000000000000e+00,6.119365145070927714e-02,1.174297571935402906e-01,1.641524023902075358e-01,1.975763961971471749e-01,2.149939254162661073e-01,2.149939254162661073e-01,1.975763961971471749e-01,1.641524023902075358e-01,1.174297571935403184e-01,6.119365145070928408e-02,0.000000000000000000e+00
0.000000000000000000e+00,6.059378842005600646e-02,1.162786284674544729e-01,1.625432655720505104e-01,1.956396139820208435e-01,2.128864043807527362e-01,2.128864043807527362e-01,1.956396139820208435e-01,1.625432655720505104e-01,1.162786284674545007e-01,6.059378842005601340e-02,0.000000000000000000e+00
0.000000000000000000e+00,5.999980566696444528e-02,1.151387839113753864e-01,1.609499026400008082e-01,1.937218174626609835e-01,2.107995427425061741e-01,2.107995427425061741e-01,1.937218174626609835e-01,1.609499026400008082e-01,1.151387839113754002e-01,5.999980566696444528e-02,0.000000000000000000e+00
0.000000000000000000e+00,5.941164554883546917e-02,1.140101129099653499e-01,1.593721589673790240e-01,1.918228205279803866e-01,2.087331379836449008e-01,2.087331379836449008e-01,1.918228205279803866e-01,1.593721589673790240e-01,1.140101129099653637e-01,5.941164554883547610e-02,0.000000000000000000e+00
0.000000000000000000e+00,5.882925098812309683e-02,1.128925059322156838e-01,1.578098814432647434e-01,1.899424388912830386e-01,2.066869895715094940e-01,2.066869895715094940e-01,1.899424388912830386e-01,1.578098814432647434e-01,1.128925059322156976e-01,5.882925098812310377e-02,0.000000000000000000e+00
0.000000000000000000e+00,5.825256546679540015e-02,1.117858545208174209e-01,1.562629184576380115e-01,1.880804900723802298e-01,2.046608989392021127e-01,2.046608989392020850e-01,1.880804900723802298e-01,1.562629184576380115e-01,1.117858545208174209e-01,5.825256546679541403e-02,0.000000000000000000e+00
0.000000000000000000e+00,5.768153302084982198e-02,1.106900512816360455e-01,1.547311198866665460e-01,1.862367933798818598e-01,2.026546694663166615e-01,2.026546694663166615e-01,1.862367933798818598e-01,1.547311198866665460e-01,1.106900512816360455e-01,5.768153302084983586e-02,0.000000000000000000e+00
0.000000000000000000e+00,5.711609823488212473e-02,1.096049898732895933e-01,1.532143370781369196e-01,1.844111698936614085e-01,2.006681064598580533e-01,2.006681064598580533e-01,1.844111698936614085e-01,1.532143370781369196e-01,1.096049898732896211e-01,5.711609823488213861e-02,0.000000000000000000e+00
0.000000000000000000e+00,5.655620623670869207e-02,1.085305649968288100e-01,1.517124228370288486e-01,1.826034424474927420e-01,1.987010171353482402e-01,1.987010171353482402e-01,1.826034424474927420e-01,1.517124228370288763e-01,1.085305649968288377e-01,5.655620623670870595e-02,0.000000000000000000e+00
0.000000000000000000e+00,5.600180269204147604e-02,1.074666723855184775e-01,1.502252314112307863e-01,1.808134356118571151e-01,1.967532105981177060e-01,1.967532105981177060e-01,1.808134356118571151e-01,1.502252314112308140e-01,1.074666723855185052e-01,5.600180269204148298e-02,0.000000000000000000e+00
0.000000000000000000e+00,5.545283379921517319e-02,1.064132087947189526e-01,1.487526184773953764e-01,1.790409756769188454e-01,1.948244978247801462e-01,1.948244978247801462e-01,1.790409756769188454e-01,1.487526184773954041e-01,1.064132087947189664e-01,5.545283379921518707e-02,0.000000000000000000e+00
0.000000000000000000e+00,5.490924628396609553e-02,1.053700719918668482e-01,1.472944411269338782e-01,1.772858906356677422e-01,1.929146916448889471e-01,1.929146916448889471e-01,1.772858906356677422e-01,1.472944411269339060e-01,1.053700719918668621e-01,5.490924628396610940e-02,0.000000000000000000e+00
0.000000000000000000e+00,5.437098739426218796e-02,1.043371607465539697e-01,1.458505578521475665e-01,1.755480101672267090e-01,1.910236067227731871e-01,1.910236067227731871e-01,1.755480101672267090e-01,1.458505578521475943e-01,1.043371607465539974e-01,5.437098739426220184e-02,0.000000000000000000e+00
0.000000000000000000e+00,5.383800489518376919e-02,1.033143748207034918e-01,1.444208285324953267e-01,1.738271656203232707e-01,1.891510595395520800e-01,1.891510595395520800e-01,1.738271656203232707e-01,1.444208285324953545e-01,1.033143748207035056e-01,5.383800489518378307e-02,0.000000000000000000e+00
0.000000000000000000e+00,5.331024706385441986e-02,1.023016149588424351e-01,1.430051144209956993e-01,1.721231899969227763e-01,1.872968683753253594e-01,1.872968683753253871e-01,1.721231899969227763e-01,1.430051144209957270e-01,1.023016149588424351e-01,5.331024706385442680e-02,0.000000000000000000e+00
0.000000000000000000e+00,5.278766268442158793e-02,1.012987828784694400e-01,1.416032781307623445e-01,1.704359179360223076e-01,1.854608532915386354e-01,1.854608532915386632e-01,1.704359179360223076e-01,1.416032781307623445e-01,1.012987828784694400e-01,5.278766268442158793e-02,0.000000000000000000e+00
0.000000000000000000e+00,5.227020104308636311e-02,1.003057812605171045e-01,1.402151836216713465e-01,1.687651856976033204e-01,1.836428361135211407e-01,1.836428361135211684e-01,1.687651856976033482e-01,1.402151836216713465e-01,1.003057812605170906e-01,5.227020104308636311e-02,0.000000000000000000e+00
0.000000000000000000e+00,5.175781192318203161e-02,9.932251373990765020e-02,1.388406961871594403e-01,1.671108311467416063e-01,1.818426404131950891e-01,1.818426404131950891e-01,1.671108311467416341e-01,1.388406961871594403e-01,9.932251373990763632e-02,5.175781192318203161e-02,0.000000000000000000e+00
0.000000000000000000e+00,5.125044560030080770e-02,9.834888489620130514e-02,1.374796824411514129e-01,1.654726937378730445e-01,1.800600914919542328e-01,1.800600914919542328e-01,1.654726937378730722e-01,1.374796824411514129e-01,9.834888489620129126e-02,5.125044560030080770e-02,0.000000000000000000e+00
0.000000000000000000e+00,5.074805283746836732e-02,9.738480024433630866e-02,1.361320103051157637e-01,1.638506144992135649e-01,1.782950163637104235e-01,1.782950163637104235e-01,1.638506144992135649e-01,1.361320103051157637e-01,9.738480024433629478e-02,5.074805283746836732e-02,0.000000000000000000e+00
0.000000000000000000e+00,5.025058488036571874e-02,9.643016622545960703e-02,1.347975489952472905e-01,1.622444360173318501e-01,1.765472437381062909e-01,1.765472437381062909e-01,1.622444360173318501e-01,1.347975489952472905e-01,9.643016622545959315e-02,5.025058488036571874e-02,0.000000000000000000e+00
0.000000000000000000e+00,4.975799345259782763e-02,9.548489019784756060e-02,1.334761690097752140e-01,1.606540024218733320e-01,1.748166040038925950e-01,1.748166040038925673e-01,1.606540024218733043e-01,1.334761690097752140e-01,9.548489019784754672e-02,4.975799345259782069e-02,0.000000000000000000e+00
0.000000000000000000e+00,4.927023075100871174e-02,9.454888042791559366e-02,1.321677421163958421e-01,1.590791593704337925e-01,1.731029292124682539e-01,1.731029292124682539e-01,1.590791593704337648e-01,1.321677421163958421e-01,9.454888042791557978e-02,4.927023075100870481e-02,0.000000000000000000e+00
0.000000000000000000e+00,4.878724944104238792e-02,9.362204608131598216e-02,1.308721413398283295e-01,1.575197540335813717e-01,1.714060530615820754e-01,1.714060530615820754e-01,1.575197540335813717e-01,1.308721413398283295e-01,9.362204608131595440e-02,4.878724944104238098e-02,0.000000000000000000e+00
0.000000000000000000e+00,4.830900265214936595e-02,9.270429721412287716e-02,1.295892409494924513e-01,1.559756350800253211e-01,1.697258108791939724e-01,1.697258108791940001e-01,1.559756350800253211e-01,1.295892409494924513e-01,9.270429721412284940e-02,4.830900265214935208e-02,0.000000000000000000e+00
0.000000000000000000e+00,4.783544397323809261e-02,9.179554476410378694e-02,1.283189164473072241e-01,1.544466526619302504e-01,1.680620396074945788e-01,1.680620396074946066e-01,1.544466526619302504e-01,1.283189164473071964e-01,9.179554476410377306e-02,4.783544397323807179e-02,0.000000000000000000e+00
0.000000000000000000e+00,4.736652744817103355e-02,9.089570054207665728e-02,1.270610445556089874e-01,1.529326584003741496e-01,1.664145777870812970e-01,1.664145777870813248e-01,1.529326584003741496e-01,1.270610445556089596e-01,9.089570054207662952e-02,4.736652744817101274e-02,0.000000000000000000e+00
0.000000000000000000e+00,4.690220757130491441e-02,9.000467722335149523e-02,1.258155032051881672e-01,1.514335053709491286e-01,1.647832655412897473e-01,1.647832655412897473e-01,1.514335053709491286e-01,1.258155032051881395e-01,9.000467722335145360e-02,4.690220757130490054e-02,0.000000000000000000e+00
0.000000000000000000e+00,4.644243928307465602e-02,8.912238833925609227e-02,1.245821715234430027e-01,1.499490480895032674e-01,1.631679445606785406e-01,1.631679445606785406e-01,1.499490480895032674e-01,1.245821715234429888e-01,8.912238833925606452e-02,4.644243928307463520e-02,0.000000000000000000e+00
0.000000000000000000e+00,4.598717796562057369e-02,8.824874826874475053e-02,1.233609298226496787e-01,1.484791424980221874e-01,1.615684580876663445e-01,1.615684580876663445e-01,1.484791424980221874e-01,1.233609298226496648e-01,8.824874826874472278e-02,4.598717796562055982e-02,0.000000000000000000e+00
0.000000000000000000e+00,4.553637943845850744e-02,8.738367223008922102e-02,1.221516595883472556e-01,1.470236459506490678e-01,1.599846509013194140e-01,1.599846509013193863e-01,1.470236459506490401e-01,1.221516595883472417e-01,8.738367223008919327e-02,4.553637943845850050e-02,0.000000000000000000e+00
0.000000000000000000e+00,4.508999995419234186e-02,8.652707627265113222e-02,1.209542434678365502e-01,1.455824171998416627e-01,1.584163693022882791e-01,1.584163693022882791e-01,1.455824171998416350e-01,1.209542434678365364e-01,8.652707627265109058e-02,4.508999995419233492e-02,0.000000000000000000e+00
0.000000000000000000e+00,4.464799619426858268e-02,8.567887726873506249e-02,1.197685652587917315e-01,1.441553163826650996e-01,1.568634610978922594e-01,1.568634610978922317e-01,1.441553163826650719e-01,1.197685652587917177e-01,8.567887726873500698e-02,4.464799619426856880e-02,0.000000000000000000e+00
0.000000000000000000e+00,4.421032526477252506e-02,8.483899290552146533e-02,1.185945098979835355e-01,1.427422050072189030e-01,1.553257755873497514e-01,1.553257755873497514e-01,1.427422050072188753e-01,1.185945098979835355e-01,8.483899290552142369e-02,4.421032526477251118e-02,0.000000000000000000e+00
0.000000000000000000e+00,4.377694469226567353e-02,8.400734167707875344e-02,1.174319634501130860e-01,1.413429459391972731e-01,1.538031635471538983e-01,1.538031635471538983e-01,1.413429459391972176e-01,1.174319634501130860e-01,8.400734167707872568e-02,4.377694469226565271e-02,0.000000000000000000e+00
0.000000000000000000e+00,4.334781241966391419e-02,8.318384287645352870e-02,1.162808130967551146e-01,1.399574033885808422e-01,1.522954772165911463e-01,1.522954772165911463e-01,1.399574033885807867e-01,1.162808130967551146e-01,8.318384287645350095e-02,4.334781241966388643e-02,0.000000000000000000e+00
0.000000000000000000e+00,4.292288680215612662e-02,8.236841658783848608e-02,1.151409471254095374e-01,1.385854428964591878e-01,1.508025702834018822e-01,1.508025702834019099e-01,1.385854428964591323e-01,1.151409471254095374e-01,8.236841658783845832e-02,4.292288680215609886e-02,0.000000000000000000e+00
0.000000000000000000e+00,4.250212660316279867e-02,8.156098367881702005e-02,1.140122549186604606e-01,1.372269313219822429e-01,1.493242978695818179e-01,1.493242978695818457e-01,1.372269313219822151e-01,1.140122549186604328e-01,8.156098367881700617e-02,4.250212660316277785e-02,0.000000000000000000e+00
0.000000000000000000e+00,4.208549099033426222e-02,8.076146579268390913e-02,1.128946269434413507e-01,1.358817368294398531e-01,1.478605165173222658e-01,1.478605165173222935e-01,1.358817368294398253e-01,1.128946269434413230e-01,8.076146579268389525e-02,4.208549099033424140e-02,0.000000000000000000e+00
0.000000000000000000e+00,4.167293953158812680e-02,7.996978534084125956e-02,1.117879547404055235e-01,1.345497288754677889e-01,1.464110841750884962e-01,1.464110841750884962e-01,1.345497288754677889e-01,1.117879547404055096e-01,7.996978534084124568e-02,4.167293953158810599e-02,0.000000000000000000e+00
0.000000000000000000e+00,4.126443219118559186e-02,7.918586549526890339e-02,1.106921309134007853e-01,1.332307781963793514e-01,1.449758601838344041e-01,1.449758601838344041e-01,1.332307781963793514e-01,1.106921309134007714e-01,7.918586549526890339e-02,4.126443219118557798e-02,0.000000000000000000e+00
0.000000000000000000e+00,4.085992932584621429e-02,7.840963018106877902e-02,1.096070491190472285e-01,1.319247567956209899e-01,1.435547052633523446e-01,1.435547052633523168e-01,1.319247567956209899e-01,1.096070491190472285e-01,7.840963018106877902e-02,4.085992932584620041e-02,0.000000000000000000e+00
0.000000000000000000e+00,4.045939168090074978e-02,7.764100406908223950e-02,1.085326040564172506e-01,1.306315379313510439e-01,1.421474814987568336e-01,1.421474814987568336e-01,1.306315379313510716e-01,1.085326040564172506e-01,7.764100406908222562e-02,4.045939168090074284e-02,0.000000000000000000e+00
0.000000000000000000e+00,4.006278038648172085e-02,7.687991256857981681e-02,1.074686914568167145e-01,1.293509961041401646e-01,1.407540523271007260e-01,1.407540523271007260e-01,1.293509961041401646e-01,1.074686914568167145e-01,7.687991256857981681e-02,4.006278038648171391e-02,0.000000000000000000e+00
0.000000000000000000e+00,3.967005695375130231e-02,7.612628182002262323e-02,1.064152080736661815e-01,1.280830070447922520e-01,1.393742825241224836e-01,1.393742825241224836e-01,1.280830070447922520e-01,1.064152080736661815e-01,7.612628182002260935e-02,3.967005695375129537e-02,0.000000000000000000e+00
