0.000000000000000000e+00,2.817325568414296710e-01,5.406408174555975554e-01,7.557495743542582689e-01,9.096319953545183301e-01,9.898214418809326842e-01,9.898214418809327952e-01,9.096319953545184411e-01,7.557495743542582689e-01,5.406408174555974444e-01,2.817325568414296710e-01,1.224646799147353207e-16
0.000000000000000000e+00,2.792694169613466615e-01,5.360238863532584830e-01,7.493953892692639673e-01,9.020639319139250878e-01,9.816403028211908577e-01,9.816611348976186369e-01,9.021148375119776297e-01,7.494500079390016278e-01,5.360601561174382912e-01,2.792837190488789978e-01,1.223415998344189981e-16
0.000000000000000000e+00,2.768202595340159555e-01,5.314321667494281698e-01,7.430749205452974460e-01,8.945353468706448430e-01,9.735016115984426177e-01,9.735433983552967963e-01,8.946374875038275443e-01,7.431845878595889632e-01,5.315050924829007872e-01,2.768490781728559780e-01,1.222185197541026756e-16
0.000000000000000000e+00,2.743850761278261441e-01,5.268656421760933295e-01,7.367881444761827936e-01,8.870462104770814316e-01,9.654053340430709396e-01,9.654681957340049969e-01,8.871999090061946092e-01,7.369532810264551870e-01,5.269756002434416997e-01,2.744286187571147728e-01,1.220954396737863776e-16
0.000000000000000000e+00,2.719638581565706481e-01,5.223242958895313315e-01,7.305350369918178766e-01,8.795964925656452049e-01,9.573514355406622656e-01,9.574354900744423968e-01,8.798020652905003125e-01,7.307560540079773848e-01,5.224716528378456903e-01,2.720223252073705744e-01,1.219723595934700551e-16
0.000000000000000000e+00,2.695565968801204582e-01,5.178081108715717473e-01,7.243155736599165007e-01,8.721861625508562366e-01,9.493398810343310901e-01,9.494452439803641175e-01,8.724439192257584796e-01,7.245928730324959766e-01,5.179932234537799607e-01,2.696301817921842314e-01,1.218492795131537325e-16
0.000000000000000000e+00,2.671632834051042016e-01,5.133170698308656688e-01,7.181297296877663383e-01,8.648151894314620725e-01,9.413706350270610868e-01,9.414974196209905388e-01,8.651254332808850922e-01,7.184637039903473132e-01,5.135402850293557808e-01,2.672521726438512601e-01,1.217261994328374099e-16
0.000000000000000000e+00,2.647839086855939827e-01,5.088511552041699026e-01,7.119774799239981800e-01,8.574835417925738001e-01,9.334436615840633333e-01,9.335919787334329145e-01,8.578465695270244273e-01,7.123685124359072640e-01,5.091128102547006762e-01,2.648882817592958516e-01,1.216031193525211120e-16
0.000000000000000000e+00,2.624184635237968299e-01,5.044103491576386045e-01,7.058587988603722829e-01,8.501911878078149964e-01,9.255589243351490802e-01,9.257288826251338643e-01,8.506072896398868544e-01,7.063072635896473495e-01,5.047107715735364986e-01,2.625384930009682094e-01,1.214800392722047894e-16
0.000000000000000000e+00,2.600669385707535253e-01,4.999946335881270687e-01,6.997736606335760445e-01,8.429380952414889938e-01,9.177163864771211710e-01,9.179080921763251855e-01,8.434075549021025076e-01,7.002799223402009776e-01,5.003341411847668230e-01,2.602027900977474384e-01,1.213569591918884668e-16
0.000000000000000000e+00,2.577293243270421530e-01,4.956039901245066215e-01,6.937220390270365522e-01,8.357242314507589143e-01,9.099160107761786742e-01,9.101295678424983215e-01,8.362473262055869494e-01,6.942864532464414484e-01,4.959828910440722272e-01,2.578811566458470428e-01,1.212338791115721442e-16
0.000000000000000000e+00,2.554056111434881426e-01,4.912384001289881730e-01,6.877039074727455681e-01,8.285495633878443567e-01,9.021577595703382801e-01,9.023932696568905953e-01,8.291265640539201565e-01,6.883268205395699502e-01,4.916569928655125099e-01,2.555735761097255310e-01,1.211107990312558463e-16
0.000000000000000000e+00,2.530957892218798633e-01,4.868978446984565944e-01,6.817192390530973922e-01,8.214140576022311846e-01,8.944415947718691307e-01,8.946991572329852094e-01,8.220452285647378288e-01,6.824009881252138809e-01,4.873564181231356818e-01,2.532800318230001846e-01,1.209877189509395237e-16
0.000000000000000000e+00,2.507998486156901019e-01,4.825823046658147542e-01,6.757680065027400484e-01,8.143176802428960803e-01,8.867674778697438587e-01,8.870471897670259009e-01,8.150032794721362439e-01,6.765089195855358284e-01,4.830811380525958931e-01,2.510005069893650465e-01,1.208646388706232011e-16
0.000000000000000000e+00,2.485177792308027322e-01,4.782917606013381007e-01,6.698501822104387937e-01,8.072603970605456425e-01,8.791353699321027282e-01,8.794373260405446979e-01,8.080006761290879913e-01,6.706505781813525413e-01,4.788311236527769132e-01,2.487349846835119616e-01,1.207415587903068786e-16
0.000000000000000000e+00,2.462495708262451288e-01,4.740261928140369063e-01,6.639657382209503966e-01,8.002421734098681405e-01,8.715452316087325402e-01,8.718695244229025532e-01,8.010373775098699189e-01,6.648259268542614508e-01,4.746063456874224373e-01,2.464834478520558370e-01,1.206184787099905806e-16
0.000000000000000000e+00,2.439952130149257714e-01,4.697855813530294466e-01,6.581146462369116268e-01,7.932629742517982585e-01,8.639970231335580841e-01,8.643437428738439676e-01,7.941133422125026264e-01,6.590349282287794042e-01,4.704067746867734989e-01,2.442458793144627605e-01,1.204953986296742581e-16
0.000000000000000000e+00,2.417546952643772618e-01,4.655699060089238395e-01,6.522968776207372921e-01,7.863227641557972714e-01,8.564907043271481335e-01,8.568599389460633819e-01,7.872285284612010603e-01,6.532775446144882814e-01,4.662323809492119886e-01,2.420222617639815055e-01,1.203723185493579355e-16
0.000000000000000000e+00,2.395280068975041976e-01,4.613791463152084882e-01,6.465124033965317096e-01,7.794215073021424356e-01,8.490262345992342086e-01,8.494180697877844466e-01,7.803828941088362114e-01,6.475537380081903827e-01,4.620831345429105008e-01,2.398125777685785887e-01,1.202492384690416129e-16
0.000000000000000000e+00,2.373151370933363202e-01,4.572132815496510183e-01,6.407611942520089476e-01,7.725591674842317014e-01,8.416035729512403307e-01,8.420180921453508383e-01,7.735763966394064717e-01,6.418634700960716977e-01,4.579590053074873435e-01,2.376168097718757699e-01,1.201261583887253150e-16
0.000000000000000000e+00,2.351160748877865192e-01,4.530722907357064844e-01,6.350432205404259456e-01,7.657357081108987495e-01,8.342226779788278757e-01,8.346599623658290668e-01,7.668089931705203144e-01,6.362067022558738350e-01,4.538599628556680421e-01,2.354349400940911607e-01,1.200030783084089924e-16
0.000000000000000000e+00,2.329308091744137499e-01,4.489561526439340700e-01,6.293584522825256267e-01,7.589510922087412403e-01,8.268835078744498635e-01,8.273436363996219400e-01,7.600806404558885232e-01,6.305833955590737228e-01,4.497859765749530059e-01,2.332669509329827195e-01,1.198799982280926698e-16
0.000000000000000000e+00,2.307593287051904196e-01,4.448648457934203382e-01,6.237068591684898911e-01,7.522052824244589431e-01,8.195860204299184604e-01,8.200690698030943526e-01,7.533912948878258575e-01,6.249935107730710815e-01,4.457370156292886909e-01,2.311128243647946334e-01,1.197569181477763472e-16
0.000000000000000000e+00,2.286016220912748254e-01,4.407983484532126406e-01,6.180884105599037115e-01,7.454982410272052995e-01,8.123301730389839159e-01,8.128362177412086220e-01,7.467409124997617109e-01,6.194370083633836677e-01,4.417130489607458688e-01,2.289725423452064479e-01,1.196338380674600247e-16
0.000000000000000000e+00,2.264576778037876159e-01,4.367566386437586323e-01,6.125030754917282216e-01,7.388299299109473139e-01,8.051159226999229368e-01,8.056450349901702612e-01,7.401294489687616496e-01,6.139138484958485131e-01,4.377140452912013924e-01,2.268460867102845557e-01,1.195107579871437267e-16
0.000000000000000000e+00,2.243274841745930281e-01,4.327396941383541140e-01,6.069508226742839074e-01,7.322003105968378778e-01,7.979432260181397174e-01,7.984954759400839652e-01,7.335568596180540579e-01,6.084239910388316019e-01,4.337399731240255685e-01,2.247334391774360729e-01,1.193876779068274042e-16
0.000000000000000000e+00,2.222110293970843697e-01,4.287474924645984786e-01,6.014316204952427913e-01,7.256093442355980860e-01,7.908120392087760742e-01,7.913874945976201447e-01,7.270230994195692187e-01,6.029673955654430983e-01,4.297908007457741930e-01,2.226345813463652679e-01,1.192645978265110816e-16
0.000000000000000000e+00,2.201083015269737486e-01,4.247800109058567641e-01,5.959454370216310526e-01,7.190569916099097680e-01,7.837223180993324601e-01,7.843210445886892312e-01,7.205281229964848322e-01,5.975440213557597913e-01,4.258664962278844723e-01,2.205494947000318784e-01,1.191415177461947590e-16
0.000000000000000000e+00,2.180192884830856048e-01,4.208372265027290893e-01,5.904922400018381978e-01,7.125432131368167887e-01,7.766740181322981940e-01,7.772960791611263076e-01,7.140718846257774199e-01,5.921538273990532009e-01,4.219670274283747191e-01,2.184781606056117598e-01,1.190184376658784611e-16
0.000000000000000000e+00,2.159439780481546833e-01,4.169191160545269170e-01,5.850719968676368898e-01,7.060679688701360091e-01,7.696670943677911270e-01,7.703125511873841758e-01,7.076543382407844973e-01,5.867967723960230142e-01,4.180923619935494884e-01,2.164205603154592539e-01,1.188953575855621385e-16
0.000000000000000000e+00,2.138823578696277816e-01,4.130256561207562571e-01,5.796846747362101038e-01,6.996312185028795705e-01,7.627015014862070785e-01,7.633704131672340853e-01,7.012754374337724084e-01,5.814728147610375153e-01,4.142424673597072671e-01,2.143766749680718897e-01,1.187722775052458159e-16
0.000000000000000000e+00,2.118344154604689944e-01,4.091568230226065861e-01,5.743302404121874982e-01,6.932329213696823977e-01,7.557771937908770443e-01,7.564696172304763433e-01,6.949351354585107110e-01,5.761819126243786782e-01,4.104173107548522159e-01,2.123464855890562220e-01,1.186491974249294933e-16
0.000000000000000000e+00,2.098001381999692883e-01,4.053125928444470949e-01,5.690086603896878925e-01,6.868730364492415807e-01,7.488941252107342850e-01,7.496101151396570295e-01,6.886333852328546667e-01,5.709240238344918117e-01,4.066168592004093529e-01,2.103299730920958899e-01,1.185261173446131954e-16
0.000000000000000000e+00,2.077795133345589074e-01,4.014929414353281545e-01,5.637199008543709589e-01,6.805515223667616409e-01,7.420522493029878541e-01,7.427918582927924840e-01,6.823701393413312832e-01,5.656991059602408667e-01,4.028410795129425681e-01,2.083271182799210086e-01,1.184030372642968728e-16
0.000000000000000000e+00,2.057725279786240535e-01,3.976978444104892763e-01,5.584639276854952428e-01,6.742683373964095672e-01,7.352515192558060075e-01,7.360147977261022323e-01,6.761453500377347936e-01,5.605071162931682949e-01,3.990899383058765237e-01,2.063379018452788372e-01,1.182799571839805503e-16
0.000000000000000000e+00,2.037791691153262863e-01,3.939272771528723460e-01,5.532407064579849543e-01,6.680234394637758477e-01,7.284918878910049411e-01,7.292788841167465730e-01,6.699589692477259106e-01,5.553480118497592377e-01,3.953634019912204423e-01,2.043623043719061672e-01,1.181568771036642277e-16
0.000000000000000000e+00,2.017994235974259476e-01,3.901812148146412973e-01,5.480502024445015330e-01,6.618167861483454928e-01,7.217733076667474101e-01,7.225840677855739358e-01,6.638109485714367430e-01,5.502217493737091569e-01,3.916614367812958908e-01,2.024003063355028220e-01,1.180337970233479051e-16
0.000000000000000000e+00,1.998332781481078901e-01,3.864596323187057814e-01,5.428923806175229849e-01,6.556483346859723893e-01,7.150957306802452340e-01,7.159302986998701268e-01,6.577012392860812628e-01,5.451282853381963500e-01,3.879840086904647878e-01,2.004518881047060719e-01,1.179107169430316072e-16
0.000000000000000000e+00,1.978807193618110916e-01,3.827625043602513877e-01,5.377672056514298804e-01,6.495180419713643127e-01,7.084591086704713492e-01,7.093175264761182319e-01,6.516297923485702137e-01,5.400675759481576854e-01,3.843310835368622391e-01,1.985170299420663254e-01,1.177876368627152846e-16
0.000000000000000000e+00,1.959417337050612384e-01,3.790898054082744162e-01,5.326746419245970143e-01,6.434258645605726024e-01,7.018633930208768579e-01,7.027457003827602966e-01,6.455965583981313483e-01,5.350395771425676683e-01,3.807026269441303179e-01,1.965957120050239593e-01,1.176645567823989620e-16
0.000000000000000000e+00,1.940163075173053919e-01,3.754415097071213125e-01,5.276146535214909505e-01,6.373717586734877205e-01,6.953085347621132950e-01,6.962147693429671103e-01,6.396014877589333292e-01,5.300442445967201710e-01,3.770986043431532320e-01,1.946879143468864815e-01,1.175414767020826394e-16
0.000000000000000000e+00,1.921044270117505670e-01,3.718175912780323777e-01,5.225872042347735613e-01,6.313556801963413623e-01,6.887944845747620004e-01,6.897246819374103222e-01,6.336445304427136271e-01,5.250815337245142711e-01,3.735189809737951561e-01,1.927936169178068870e-01,1.174183966217663415e-16
0.000000000000000000e+00,1.902060782762041435e-01,3.682180239206913619e-01,5.175922575674117843e-01,6.253775846842162256e-01,6.823211927920691533e-01,6.832753864070426619e-01,6.277256361514105265e-01,5.201513996807423101e-01,3.699637218866400623e-01,1.909127995657623478e-01,1.172953165414500189e-16
0.000000000000000000e+00,1.883212472739175247e-01,3.646427812147784997e-01,5.126297767347900436e-01,6.194374273635570027e-01,6.758886094026839153e-01,6.768668306558793812e-01,6.218447542797994609e-01,5.152537973633787294e-01,3.664327919447313286e-01,1.890454420375335953e-01,1.171722364611336963e-16
0.000000000000000000e+00,1.864499198444317940e-01,3.610918365215264325e-01,5.076997246668315533e-01,6.135351631346904755e-01,6.694966840534037900e-01,6.704989622537855798e-01,6.160018339181303482e-01,5.103886814158744567e-01,3.629261558253136788e-01,1.871915239796850261e-01,1.170491563808173738e-16
0.000000000000000000e+00,1.845920817044263695e-01,3.575651629852830693e-01,5.028020640101195093e-01,6.076707465743484970e-01,6.631453660519233129e-01,6.641717284392678611e-01,6.101968238547701429e-01,5.055560062294495172e-01,3.594437780215765654e-01,1.853510249395445286e-01,1.169260763005010512e-16
0.000000000000000000e+00,1.827477184485691852e-01,3.540627335350753357e-01,4.979367571300282735e-01,6.018441319381964139e-01,6.568346043695867387e-01,6.578850761222667654e-01,6.044296725788460556e-01,5.007557259453903065e-01,3.559856228443971649e-01,1.835239243661841990e-01,1.168029962201847533e-16
0.000000000000000000e+00,1.809168155503700914e-01,3.505845208861781970e-01,4.931037661128537253e-01,5.960552731633650403e-01,6.505643476441452799e-01,6.516389518869565300e-01,5.987003282828937678e-01,4.959877944573475306e-01,3.525516544240854255e-01,1.817102016114007235e-01,1.166799161398684307e-16
0.000000000000000000e+00,1.790993583630355046e-01,3.471304975416871219e-01,4.883030527679519950e-01,5.903041238709879623e-01,6.443345441825190090e-01,6.454333019945444061e-01,5.930087388655045366e-01,4.912521654136336458e-01,3.491418367121286725e-01,1.799098359306962047e-01,1.165568360595521081e-16
0.000000000000000000e+00,1.772953321203256105e-01,3.437006357940924905e-01,4.835345786298787529e-01,5.845906373687411728e-01,6.381451419635590927e-01,6.392680723860746372e-01,5.873548519339770735e-01,4.865487922195245174e-01,3.457561334829370447e-01,1.781228064842589887e-01,1.164337559792357855e-16
0.000000000000000000e+00,1.755047219374134271e-01,3.402949077268585532e-01,4.787983049605333274e-01,5.789147666533871472e-01,6.319960886408166889e-01,6.331432086852333274e-01,5.817386148069685348e-01,4.818776280395586920e-01,3.423945083355888208e-01,1.763490923379436581e-01,1.163106758989194876e-16
0.000000000000000000e+00,1.737275128117454215e-01,3.369132852160050540e-01,4.740941927513073750e-01,5.732764644133226950e-01,6.258873315453122865e-01,6.270586562011570830e-01,5.761599745171497311e-01,4.772386257998402215e-01,3.390569246955767446e-01,1.745886724642516930e-01,1.161875958186031650e-16
0.000000000000000000e+00,1.719636896239046253e-01,3.335557399316911864e-01,4.694222027252347162e-01,5.676756830311288082e-01,6.198188176883091538e-01,6.210143599312429874e-01,5.706188778138583384e-01,4.726317381903394343e-01,3.357433458165525186e-01,1.728415257433119634e-01,1.160645157382868424e-16
0.000000000000000000e+00,1.702132371384745824e-01,3.302222433398017687e-01,4.647822953391452239e-01,5.621123745861236198e-01,6.137904937640870084e-01,6.150102645639591303e-01,5.651152711657555505e-01,4.680569176671949272e-01,3.324537347820725741e-01,1.711076309638594195e-01,1.159414356579705199e-16
0.000000000000000000e+00,1.684761400049050728e-01,3.269127667035373608e-01,4.601744307858210425e-01,5.565864908569182479e-01,6.078023061527202398e-01,6.090463144816569141e-01,5.596491007634807335e-01,4.635141164550160009e-01,3.291880545073421760e-01,1.693869668242147797e-01,1.158183555776541973e-16
0.000000000000000000e+00,1.667523827583800022e-01,3.236272810850054915e-01,4.555985689961563057e-01,5.510979833239744163e-01,6.018542009228561307e-01,6.031224537633859129e-01,5.542203125223092997e-01,4.590032865491837089e-01,3.259462677409606934e-01,1.676795119332633865e-01,1.156952754973378994e-16
0.000000000000000000e+00,1.650419498206859292e-01,3.203657573468138287e-01,4.510546696413172407e-01,5.456468031721648515e-01,5.959461238344945233e-01,5.972386261877072888e-01,5.488288520848076946e-01,4.545243797181522938e-01,3.227283370666631512e-01,1.659852448114324530e-01,1.155721954170215768e-16
0.000000000000000000e+00,1.633448255010820083e-01,3.171281661536667906e-01,4.465426921349057721e-01,5.402329012933337893e-01,5.900780203417705927e-01,5.913947752355087628e-01,5.434746648234911603e-01,4.500773475057489592e-01,3.195342249050645567e-01,1.643041438916689467e-01,1.154491153367052542e-16
0.000000000000000000e+00,1.616609939971714593e-01,3.139144779739614921e-01,4.420625956351249553e-01,5.348562282888617014e-01,5.842498355957352896e-01,5.855908440928199177e-01,5.381576958434781677e-01,4.456621412334740295e-01,3.163638935153996190e-01,1.626361875204153928e-01,1.153260352563889316e-16
0.000000000000000000e+00,1.599904393957741755e-01,3.107246630813882415e-01,4.376143390469455774e-01,5.295167344722284675e-01,5.784615144471390025e-01,5.798267756536273909e-01,5.328778899851465134e-01,4.412787120027995558e-01,3.132173049972636347e-01,1.609813539585857600e-01,1.152029551760726337e-16
0.000000000000000000e+00,1.583331456737999132e-01,3.075586915565298729e-01,4.331978810242736455e-01,5.242143698715788780e-01,5.727130014492156640e-01,5.741025125226890680e-01,5.276351918267870866e-01,4.369270106974647017e-01,3.100944212923509857e-01,1.593396213825395979e-01,1.150798750957563111e-16
0.000000000000000000e+00,1.566890966991230649e-01,3.044165332884646302e-01,4.288131799721210946e-01,5.189490842322894704e-01,5.670042408604649697e-01,5.684179970183486086e-01,5.224295456872565246e-01,4.326069879857733502e-01,3.069952041861920833e-01,1.577109678850555363e-01,1.149567950154399885e-16
0.000000000000000000e+00,1.550582762314576812e-01,3.012981579763683859e-01,4.244601940487744973e-01,5.137208270195349202e-01,5.613351766474361515e-01,5.627731711753487520e-01,5.172608956286293136e-01,4.283185943228861592e-01,3.039196153098889241e-01,1.560953714763037570e-01,1.148337149351236660e-16
0.000000000000000000e+00,1.534406679232339088e-01,2.982035351311188576e-01,4.201388811679682145e-01,5.085295474208546551e-01,5.557057524875113064e-01,5.571679767476440670e-01,5.121291854588491121e-01,4.240617799531140597e-01,3.008676161418487593e-01,1.544928100848163566e-01,1.147106348548073434e-16
0.000000000000000000e+00,1.518362553204746224e-01,2.951326340769010459e-01,4.158491990010543815e-01,5.033751943487211333e-01,5.501159117716872826e-01,5.516023552112117034e-01,5.070343587343741909e-01,4.198364949122059819e-01,2.978391680095155980e-01,1.529032615584575705e-01,1.145875547744910454e-16
0.000000000000000000e+00,1.502450218636731949e-01,2.920854239528121177e-01,4.115911049791767251e-01,4.982577164431054029e-01,5.445655976073566773e-01,5.460762477668595904e-01,5.019763587628258694e-01,4.156426890296385235e-01,2.948342320910996017e-01,1.513267036653919151e-01,1.144644746941747229e-16
0.000000000000000000e+00,1.486669508886708790e-01,2.890618737144682315e-01,4.073645562954412713e-01,4.931770620740442701e-01,5.390547528210899442e-01,5.405895953430364109e-01,4.969551286056309580e-01,4.114803119308978463e-01,2.918527694173040921e-01,1.497631140950505257e-01,1.143413946138584003e-16
0.000000000000000000e+00,1.471020256275359928e-01,2.860619521356105865e-01,4.031695099070907173e-01,4.881331793442061362e-01,5.335833199614111733e-01,5.351423385986349146e-01,4.919706110806636445e-01,4.073493130397655704e-01,2.888947408730511146e-01,1.482124704590968844e-01,1.142183145335420777e-16
0.000000000000000000e+00,1.455502292094423833e-01,2.830856278097130252e-01,3.990059225376753615e-01,4.831260160914567225e-01,5.281512413015789775e-01,5.297344179257970076e-01,4.870227487648837728e-01,4.032496415805947310e-01,2.859601071992026178e-01,1.466747502923902990e-01,1.140952344532257798e-16
0.000000000000000000e+00,1.440115446615486683e-01,2.801328691515883040e-01,3.948737506792253105e-01,4.781555198914211324e-01,5.227584588423597189e-01,5.243657734527131797e-01,4.821114839969726229e-01,3.991812465805881782e-01,2.830488289942804103e-01,1.451499310539473564e-01,1.139721543729094572e-16
0.000000000000000000e+00,1.424859549098774214e-01,2.772036443989956966e-01,3.907729505944219084e-01,4.732216380600487438e-01,5.174049143148016228e-01,5.190363450464214878e-01,4.772367588799642513e-01,3.951440768720700936e-01,2.801608667161833433e-01,1.436379901279024596e-01,1.138490742925931346e-16
0.000000000000000000e+00,1.409734427801948575e-01,2.742979216142474863e-01,3.867034783187686675e-01,4.683243176561727172e-01,5.120905491830052281e-01,5.137460723156015430e-01,4.723985152838756640e-01,3.911380810947563957e-01,2.772961806838998289e-01,1.421389048244660058e-01,1.137259942122768120e-16
0.000000000000000000e+00,1.394739909988904070e-01,2.714156686858156253e-01,3.826652896627598666e-01,4.634635054840702817e-01,5.068153046468932832e-01,5.084948946133669434e-01,4.675966948483311625e-01,3.871632076980204840e-01,2.744547310792198047e-01,1.406526523808804274e-01,1.136029141319604895e-16
0.000000000000000000e+00,1.379875821938561231e-01,2.685568533299381166e-01,3.786583402140505927e-01,4.586391480960192446e-01,5.015791216449747569e-01,5.032827510400538218e-01,4.628312389851836350e-01,3.832194049431552063e-01,2.716364779484415348e-01,1.391792099623744838e-01,1.134798340516441915e-16
0.000000000000000000e+00,1.365141988953661734e-01,2.657214430922244519e-01,3.746825853396221206e-01,4.538511917948543362e-01,4.963819408571087943e-01,4.981095804460049514e-01,4.581020888811336289e-01,3.793066209056303317e-01,2.688413812040750250e-01,1.377185546631159163e-01,1.133567539713278690e-16
0.000000000000000000e+00,1.350538235369561357e-01,2.629094053492595506e-01,3.707379801879485681e-01,4.490995826365194454e-01,4.912237027072644535e-01,4.929753214343505774e-01,4.534091855003397065e-01,3.754248034773475795e-01,2.660694006265437728e-01,1.362706635071608274e-01,1.132336738910115464e-16
0.000000000000000000e+00,1.336064384563019625e-01,2.601207073102095313e-01,3.668244796911619421e-01,4.443842664326173031e-01,4.861043473662755021e-01,4.878799123637846957e-01,4.487524695870294122e-01,3.715739003688902087e-01,2.633204958658809103e-01,1.348355134494020613e-01,1.131105938106952238e-16
0.000000000000000000e+00,1.321720258960988326e-01,2.573553160184232080e-01,3.629420385672121330e-01,4.397051887529589420e-01,4.810238147545933818e-01,4.828232913513387792e-01,4.441318816681021908e-01,3.677538591117665012e-01,2.605946264434223503e-01,1.334130813765145862e-01,1.129875137303789012e-16
0.000000000000000000e+00,1.307505680049393659e-01,2.546131983530348086e-01,3.590906113220285745e-01,4.350622949281053309e-01,4.759820445450367310e-01,4.778053962751480643e-01,4.395473620557298622e-01,3.639646270606531342e-01,2.578917517534972115e-01,1.320033441078988512e-01,1.128644336500626033e-16
0.000000000000000000e+00,1.293420468381913102e-01,2.518943210305640834e-01,3.552701522516775179e-01,4.304555300519114502e-01,4.709789761655341356e-01,4.728261647772151743e-01,4.349988508499487705e-01,3.602061513956277272e-01,2.552118310651115829e-01,1.306062783966214780e-01,1.127413535697462807e-16
0.000000000000000000e+00,1.279464443588751721e-01,2.491986506065159701e-01,3.514806154445180852e-01,4.258848389840620974e-01,4.660145488018651028e-01,4.678855342661673022e-01,4.304862879412498233e-01,3.564783791244021116e-01,2.525548235236306782e-01,1.292218609303532606e-01,1.126182734894299581e-16
0.000000000000000000e+00,1.265637424385409326e-01,2.465261534769784268e-01,3.477219547833553803e-01,4.213501663526076912e-01,4.610887014003957618e-01,4.629834419200113405e-01,4.260096130131627024e-01,3.527812570845469398e-01,2.499206881524565771e-01,1.278500683323061105e-01,1.124951934091136356e-16
0.000000000000000000e+00,1.251939228581436248e-01,2.438767958802185998e-01,3.439941239475901025e-01,4.168514565564933605e-01,4.562013726708098460e-01,4.581198246888784076e-01,4.215687655448330795e-01,3.491147319457112430e-01,2.473093838546996937e-01,1.264908771621648109e-01,1.123721133287973376e-16
0.000000000000000000e+00,1.238369673089188550e-01,2.412505438982764372e-01,3.402970764153662175e-01,4.123886537680866993e-01,4.513525010888333466e-01,4.532946192977682087e-01,4.171636848135941156e-01,3.454787502118384923e-01,2.447208694148473307e-01,1.251442639170184390e-01,1.122490332484810151e-16
0.000000000000000000e+00,1.224928573932577147e-01,2.386473634585588588e-01,3.366307654657165749e-01,4.079617019357000829e-01,4.465420248989572793e-01,4.485077622492835148e-01,4.127943098975341285e-01,3.418732582233759421e-01,2.421551035004284036e-01,1.238102050322880399e-01,1.121259531681646925e-16
0.000000000000000000e+00,1.211615746255794990e-01,2.360672203354289289e-01,3.329951441807022516e-01,4.035705447861077655e-01,4.417698821171524570e-01,4.437591898263622547e-01,4.084605796780558795e-01,3.382982021594763689e-01,2.396120446636714751e-01,1.224886768826515260e-01,1.120028730878483699e-16
0.000000000000000000e+00,1.198431004332052574e-01,2.335100801517947522e-01,3.293901654475521745e-01,3.992151258270597580e-01,4.370360105335783230e-01,4.390488380949997271e-01,4.041624328424293644e-01,3.347535280401978119e-01,2.370916513431595152e-01,1.211796557829659116e-01,1.118797930075320473e-16
0.000000000000000000e+00,1.185374161572284868e-01,2.309759083806959823e-01,3.258157819607959693e-01,3.948953883497915429e-01,4.323403477152890639e-01,4.343766429069671475e-01,3.998998078863414962e-01,3.312391817286943207e-01,2.345938818654793590e-01,1.198831179891864940e-01,1.117567129272157494e-16
0.000000000000000000e+00,1.172445030533863786e-01,2.284646703468872775e-01,3.222719462243961441e-01,3.906112754315265723e-01,4.276828310089312302e-01,4.297425399025233128e-01,3.956726431164342972e-01,3.277551089334008738e-01,2.321186944468658919e-01,1.185990396992834817e-01,1.116336328468994268e-16
0.000000000000000000e+00,1.159643422929290124e-01,2.259763312284202019e-01,3.187586105538743331e-01,3.863627299379764346e-01,4.230633975434354710e-01,4.251464645131182718e-01,3.914808766528401485e-01,3.243012552102132462e-01,2.296660471948417936e-01,1.173273970541549582e-01,1.115105527665831042e-16
0.000000000000000000e+00,1.146969149634874119e-01,2.235108560582215187e-01,3.152757270784335430e-01,3.821496945258336386e-01,4.184819842327043848e-01,4.205883519640922774e-01,3.873244464317076030e-01,3.208775659646603273e-01,2.272358981098519526e-01,1.160681661385371821e-01,1.113874726862668063e-16
0.000000000000000000e+00,1.134422020699402123e-01,2.210682097256698175e-01,3.118232477430792349e-01,3.779721116452599006e-01,4.139385277782907102e-01,4.160681372773638032e-01,3.832032902077215919e-01,3.174839864540705547e-01,2.248282050868914417e-01,1.148213229819119163e-01,1.112643926059504837e-16
0.000000000000000000e+00,1.122001845352800231e-01,2.186483569781683123e-01,3.084011243107306344e-01,3.738299235423689915e-01,4.094329646720700211e-01,4.115857552741165604e-01,3.791173455566163586e-01,3.141204617897302986e-01,2.224429259171294970e-01,1.135868435594102888e-01,1.111413125256341611e-16
0.000000000000000000e+00,1.109708432014767931e-01,2.162512624227164726e-01,3.050093083643340419e-01,3.697230722617036447e-01,4.049652311989089815e-01,4.071411405774731929e-01,3.750665498776794005e-01,3.107869369390374170e-01,2.200800182895286672e-01,1.123647037927132386e-01,1.110182324453178509e-16
0.000000000000000000e+00,1.097541588303410365e-01,2.138768905274761600e-01,3.016477513089673157e-01,3.656514996487069680e-01,4.005352634393239408e-01,4.027342276151629763e-01,3.710508403962484714e-01,3.074833567276465396e-01,2.177394397924553027e-01,1.111548795509494092e-01,1.108951523650015283e-16
0.000000000000000000e+00,1.085501121043849770e-01,2.115252056233368760e-01,2.983164043739393589e-01,3.616151473521865833e-01,3.961429972721308701e-01,3.983649506221852987e-01,3.670701541662036438e-01,3.042096658416066912e-01,2.154211479152880471e-01,1.099573466515889608e-01,1.107720722846852181e-16
0.000000000000000000e+00,1.073586836276816669e-01,2.091961719054763469e-01,2.950152186148893296e-01,3.576139568267732716e-01,3.917883683770935210e-01,3.940332436434591523e-01,3.631244280724445495e-01,3.009658088294926981e-01,2.131251000500179460e-01,1.087720808613341084e-01,1.106489922043688955e-16
0.000000000000000000e+00,1.061798539267238550e-01,2.068897534349186662e-01,2.917441449158755806e-01,3.536478693353749536e-01,3.874713122375597063e-01,3.897390405364703492e-01,3.592135988333675645e-01,2.977517301045310982e-01,2.108512534928445037e-01,1.075990578970072720e-01,1.105259121240525729e-16
0.000000000000000000e+00,1.050136034512796912e-01,2.046059141400884962e-01,2.885031339914621573e-01,3.497168259516200139e-01,3.831917641430906407e-01,3.854822749739074128e-01,3.553376030033306709e-01,2.945673739467125629e-01,2.085995654457641901e-01,1.064382534264337876e-01,1.104028320437362627e-16
0.000000000000000000e+00,1.038599125752476815e-01,2.023446178183623267e-01,2.852921363888011319e-01,3.458207675622994581e-01,3.789496591920834545e-01,3.812628804462896426e-01,3.514963769751089373e-01,2.914126845049046510e-01,2.063699930181540076e-01,1.052896430693232299e-01,1.102797519634199524e-16
0.000000000000000000e+00,1.027187615975090340e-01,2.001058281376150716e-01,2.821111024897061670e-01,3.419596348697965804e-01,3.747449322943855465e-01,3.770807902645854082e-01,3.476898569823437257e-01,2.882876057989494090e-01,2.041624932283491733e-01,1.041532023981455168e-01,1.101566718831036298e-16
0.000000000000000000e+00,1.015901307427793665e-01,1.978895086377640555e-01,2.789599825127239141e-01,3.381333683945136892e-01,3.705775181739007218e-01,3.729359375628255036e-01,3.439179791019837396e-01,2.851920817217589721e-01,2.019770230052136961e-01,1.030289069390043777e-01,1.100335918027873072e-16
0.000000000000000000e+00,1.004740001624569168e-01,1.956956227323087272e-01,2.758387265151988066e-01,3.343419084772903394e-01,3.664473513711863362e-01,3.688282553007050657e-01,3.401806792567146909e-01,2.821260560414004526e-01,1.998135391897045143e-01,1.019167321725065745e-01,1.099105117224709970e-16
0.000000000000000000e+00,9.937034993546997597e-02,1.935241337098663195e-01,2.727472843953308579e-01,3.305851952818141815e-01,3.623543662460443349e-01,3.647576762661735028e-01,3.364778932173816961e-01,2.790894724031726670e-01,1.976719985364318033e-01,1.008166535346284587e-01,1.097874316421546744e-16
0.000000000000000000e+00,9.827916006912251756e-02,1.913750047357039574e-01,2.696856058942295187e-01,3.268631687970255939e-01,3.582984969801007447e-01,3.607241330780237565e-01,3.328095566054046217e-01,2.760822743316750927e-01,1.955523577152091796e-01,9.972864641757725468e-02,1.096643515618383642e-16
0.000000000000000000e+00,9.720041049993616289e-02,1.892481988532658255e-01,2.666536405979603730e-01,3.231757688395106021e-01,3.542796775793788377e-01,3.567275581884632452e-01,3.291756048951797187e-01,2.731044052328700511e-01,1.934545733125997424e-01,9.865268617064965051e-02,1.095412714815220416e-16
0.000000000000000000e+00,9.613408109449189665e-02,1.871436789856975591e-01,2.636513379395863388e-01,3.195229350558944081e-01,3.502978418768620816e-01,3.527678838856812549e-01,3.255759734164755392e-01,2.701558083961333456e-01,1.913786018334555084e-01,9.758874810108641995e-02,1.094181914012057190e-16
0.000000000000000000e+00,9.508015165026872939e-02,1.850614079373653076e-01,2.606786472012025957e-01,3.159046069252176014e-01,3.463529235350507607e-01,3.488450422964042286e-01,3.220105973568194169e-01,2.672364269963009020e-01,1.893243997024499636e-01,9.653680747492296432e-02,1.092951113208894211e-16
0.000000000000000000e+00,9.403860189647994527e-02,1.830013483953696340e-01,2.577355175159641298e-01,3.123207237613113696e-01,3.424448560485044979e-01,3.449589653884428397e-01,3.184794117638722888e-01,2.643462040957014758e-01,1.872919232656022337e-01,9.549683951783635716e-02,1.091720312405730985e-16
0.000000000000000000e+00,9.300941149490768445e-02,1.809634629310581388e-01,2.548218978701100590e-01,3.087712247151624956e-01,3.385735727463806688e-01,3.411095849732284080e-01,3.149823515477960800e-01,2.614850826461860844e-01,1.852811287917978111e-01,9.446881941598761490e-02,1.090489511602567759e-16
0.000000000000000000e+00,9.199256004073508297e-02,1.789477140015295897e-01,2.519377371049765779e-01,3.052560487772677522e-01,3.347390067949613801e-01,3.372968327083403217e-01,3.115193514836100408e-01,2.586530054911454490e-01,1.832919724742992917e-01,9.345272231686158060e-02,1.089258710799404533e-16
0.000000000000000000e+00,9.098802706337566493e-02,1.769540639511368307e-01,2.490829839190084050e-01,3.017751347799851880e-01,3.309410912001710114e-01,3.335206401000213594e-01,3.080903462135372584e-01,2.558499153675182769e-01,1.813244104322525585e-01,9.244852333010070145e-02,1.088027909996241308e-16
0.000000000000000000e+00,8.999579202730090266e-02,1.749824750129823081e-01,2.462575868697588488e-01,2.983284213998717016e-01,3.271797588100842091e-01,3.297809385056865716e-01,3.046952702493440635e-01,2.530757549077937152e-01,1.793783987121843060e-01,9.145619752833658578e-02,1.086797109193078328e-16
0.000000000000000000e+00,8.901583433286461289e-02,1.730329093104111537e-01,2.434614943758878214e-01,2.949158471600161757e-01,3.234549423174232219e-01,3.260776591364170640e-01,3.013340579746629500e-01,2.503304666420008151e-01,1.774538932894924037e-01,9.047571994801661965e-02,1.085566308389915103e-16
0.000000000000000000e+00,8.804813331712618707e-02,1.711053288584979404e-01,2.406946547191479158e-01,2.915373504323616194e-01,3.197665742620490192e-01,3.224107330594493392e-01,2.980066436473147728e-01,2.476139929996938882e-01,1.755508500699326513e-01,8.950706559022736375e-02,1.084335507586751877e-16
0.000000000000000000e+00,8.709266825466960293e-02,1.691996955655292734e-01,2.379570160463684858e-01,2.881928694400190949e-01,3.161145870334374219e-01,3.187800912006489851e-01,2.947129614016102961e-01,2.449262763119229303e-01,1.736692248910928216e-01,8.855020942151170527e-02,1.083104706783588651e-16
0.000000000000000000e+00,8.614941835842127027e-02,1.673159712344804428e-01,2.352485263714277908e-01,2.848823422595739840e-01,3.124989128731506804e-01,3.151856643469768127e-01,2.914529452506503526e-01,2.422672588131988825e-01,1.718089735238641502e-01,8.760512637468517716e-02,1.081873905980425672e-16
0.000000000000000000e+00,8.521836278046476809e-02,1.654541175644886897e-01,2.325691335772209767e-01,2.816057068233812632e-01,3.089194838772911789e-01,3.116273831489414503e-01,2.882265290886100173e-01,2.396368826434491783e-01,1.699700516739027223e-01,8.667179134964431153e-02,1.080643105177262446e-16
0.000000000000000000e+00,8.429948061285252869e-02,1.636140961523202542e-01,2.299187854176225065e-01,2.783629009218533401e-01,3.053762319989560270e-01,3.081051781230469411e-01,2.850336466930144530e-01,2.370350898499618553e-01,1.681524149830857517e-01,8.575017921417443789e-02,1.079412304374099220e-16
0.000000000000000000e+00,8.339275088841571759e-02,1.617958684938318181e-01,2.272974295194340466e-01,2.751538622057380090e-01,3.018690890506708913e-01,3.046189796542211337e-01,2.818742317270040987e-01,2.344618223893225606e-01,1.663560190309592013e-01,8.484026480475043153e-02,1.078181503570935994e-16
0.000000000000000000e+00,8.249815258157078279e-02,1.599993959854278391e-01,2.247050133843346287e-01,2.719785281883889683e-01,2.983979867068178304e-01,3.011687179982411866e-01,2.787482177415890883e-01,2.319170221293403999e-01,1.645808193361771310e-01,8.394202292733507487e-02,1.076950702767773015e-16
0.000000000000000000e+00,8.161566460912311749e-02,1.582246399255120006e-01,2.221414843908143810e-01,2.688368362480225704e-01,2.949628565060534724e-01,2.977543232841430854e-01,2.756555381778904579e-01,2.294006308509651815e-01,1.628267713579357179e-01,8.305542835817131264e-02,1.075719901964609789e-16
0.000000000000000000e+00,8.074526583106886313e-02,1.564715615159330553e-01,2.196067897961065385e-01,2.657287236299702426e-01,2.915636298537159776e-01,2.943757255166206122e-01,2.725961263693766901e-01,2.269125902501937242e-01,1.610938304973995594e-01,8.218045584457239761e-02,1.074489101161446563e-16
0.000000000000000000e+00,7.988693505139252138e-02,1.547401218634258391e-01,2.171008767381095161e-01,2.626541274489185840e-01,2.882002380242177919e-01,2.910328545784158782e-01,2.695699155440818284e-01,2.244528419399694497e-01,1.593819520991163752e-01,8.131708010570593004e-02,1.073258300358283338e-16
0.000000000000000000e+00,7.904065101886312283e-02,1.530302819810465675e-01,2.146236922373011002e-01,2.596129846911408023e-01,2.848726121634334030e-01,2.877256402326939799e-01,2.665768388268185962e-01,2.220213274520674851e-01,1.576910914524317087e-01,8.046527583337426126e-02,1.072027499555120235e-16
0.000000000000000000e+00,7.820639242782609357e-02,1.513420027896016928e-01,2.121751831986451453e-01,2.566052322167161615e-01,2.815806832910722202e-01,2.844540121254108822e-01,2.636168292413757497e-01,2.196179882389738269e-01,1.560212037928878082e-01,7.962501769279006769e-02,1.070796698751957133e-16
0.000000000000000000e+00,7.738413791899373395e-02,1.496752451190725974e-01,2.097552964134897224e-01,2.536308067617455420e-01,2.783243823030414621e-01,2.812178997876677577e-01,2.606898197127081040e-01,2.172427656757542347e-01,1.543722443036208980e-01,7.879628032334862198e-02,1.069565897948793907e-16
0.000000000000000000e+00,7.657386608023131203e-02,1.480299697100340151e-01,2.073639785614583841e-01,2.506896449405484617e-01,2.751036399737971649e-01,2.780172326380514480e-01,2.577957430691142360e-01,2.148956010619097468e-01,1.527441681167476806e-01,7.797903833939454077e-02,1.068335097145630681e-16
0.000000000000000000e+00,7.577555544734104753e-02,1.464061372150660678e-01,2.050011762123327697e-01,2.477816832478585418e-01,2.719183869586865310e-01,2.748519399849684852e-01,2.549345320444006413e-01,2.125764356232263674e-01,1.511369303147450105e-01,7.717326633098384181e-02,1.067104296342467455e-16
0.000000000000000000e+00,7.498918450484265419e-02,1.448037082001616960e-01,2.026668358279272719e-01,2.449068580610030965e-01,2.687685537962749560e-01,2.717219510289625717e-01,2.521061192800381212e-01,2.102852105136139294e-01,1.495504859318215751e-01,7.637893886464314219e-02,1.065873495539304476e-16
0.000000000000000000e+00,7.421473168675118970e-02,1.432226431461269822e-01,2.003609037639532686e-01,2.420651056420757286e-01,2.656540709106678388e-01,2.686271948650222896e-01,2.493104373273018481e-01,2.080218668169310781e-01,1.479847899552814705e-01,7.559603048412269488e-02,1.064642694736141250e-16
0.000000000000000000e+00,7.345217537735154734e-02,1.416629024499770906e-01,1.980833262718801335e-01,2.392563621400979335e-01,2.625748686138131838e-01,2.655676004848774863e-01,2.465474186494084341e-01,2.057863455488050386e-01,1.464397973268813935e-01,7.482451571114545619e-02,1.063411893932978024e-16
0.000000000000000000e+00,7.270149391196975563e-02,1.401244464263246003e-01,1.958340495007824811e-01,2.364805635931709338e-01,2.595308771077988741e-01,2.625430967792833359e-01,2.438169956236300173e-01,2.035785876584388365e-01,1.449154629441773423e-01,7.406436904615285033e-02,1.062181093129814922e-16
0.000000000000000000e+00,7.196266557774153028e-02,1.386072353087630660e-01,1.936130194991814713e-01,2.337376459306140797e-01,2.565220264871366229e-01,2.595536125402907457e-01,2.411191005434072387e-01,2.013985340304068061e-01,1.434117416618654883e-01,7.331556496904340081e-02,1.060950292326651696e-16
0.000000000000000000e+00,7.123566861437713449e-02,1.371112292512443043e-01,1.914201822168782319e-01,2.310275449750985866e-01,2.535482467410336005e-01,2.565990764635069921e-01,2.384536656204441218e-01,1.992461254864438258e-01,1.419285882931151099e-01,7.257807793990969647e-02,1.059719491523488594e-16
0.000000000000000000e+00,7.052048121492382471e-02,1.356363883294491313e-01,1.892554835067781216e-01,2.283501964447659516e-01,2.506094677556522932e-01,2.536794171503442552e-01,2.358206229867935155e-01,1.971213027872197876e-01,1.404659576108921448e-01,7.185188239976850189e-02,1.058488690720325368e-16
0.000000000000000000e+00,6.981708152652388311e-02,1.341826725421525479e-01,1.871188691267045567e-01,2.257055359553385987e-01,2.477056193163597042e-01,2.507945631102530548e-01,2.332199046969303247e-01,1.950240066341069056e-01,1.390238043492750819e-01,7.113695277128789796e-02,1.057257889917162142e-16
0.000000000000000000e+00,6.912544765117084600e-02,1.327500418125823756e-01,1.850102847412080087e-01,2.230934990222165348e-01,2.448366311099660075e-01,2.479444427629468040e-01,2.306514427298149705e-01,1.929541776709353673e-01,1.376020832047636366e-01,7.043326345950928769e-02,1.056027089113999039e-16
0.000000000000000000e+00,6.844555764646101381e-02,1.313384559897712855e-01,1.829296759233622338e-01,2.205140210625693431e-01,2.420024327269444386e-01,2.451289844406115970e-01,2.281151689909403091e-01,1.909117564857367721e-01,1.362007488375800435e-01,6.974078885256315696e-02,1.054796288310835937e-16
0.000000000000000000e+00,6.777738952634310143e-02,1.299478748499045544e-01,1.808769881565552851e-01,2.179670373974110786e-01,2.392029536636502973e-01,2.423481163901067825e-01,2.256110153143705555e-01,1.888966836124817417e-01,1.348197558729588019e-01,6.905950332238444678e-02,1.053565487507672711e-16
0.000000000000000000e+00,6.712092126186325336e-02,1.285782580976583822e-01,1.788521668362682004e-01,2.154524832536691692e-01,2.364381233245183012e-01,2.396017667751494384e-01,2.231389134647692174e-01,1.869088995328017089e-01,1.334590589024327034e-01,6.838938122541796116e-02,1.052334686704509485e-16
0.000000000000000000e+00,6.647613078190769964e-02,1.272295653675343252e-01,1.768551572718496945e-01,2.129702937662396600e-01,2.337078710242542767e-01,2.368898636784879663e-01,2.206987951394101533e-01,1.849483446777044349e-01,1.321186124851080890e-01,6.773039690332410823e-02,1.051103885901346383e-16
0.000000000000000000e+00,6.584299597394113746e-02,1.259017562251870115e-01,1.748859046882746404e-01,2.105204039800321336e-01,2.310121259900097535e-01,2.342123351040634738e-01,2.182905919701808584e-01,1.830149594292744819e-01,1.307983711489319467e-01,6.708252468367575938e-02,1.049873085098183157e-16
0.000000000000000000e+00,6.522149468474319756e-02,1.245947901687436965e-01,1.729443542279017199e-01,2.081027488520053037e-01,2.283508173635478977e-01,2.315691089791607205e-01,2.159142355255725398e-01,1.811086841223689126e-01,1.294982893919517375e-01,6.644573888065330447e-02,1.048642284295020054e-16
0.000000000000000000e+00,6.461160472113960940e-02,1.233086266301207656e-01,1.710304509522170835e-01,2.057172632531905077e-01,2.257238742033974566e-01,2.289601131565397463e-01,2.135696573126576459e-01,1.792294590462958914e-01,1.282183216835676709e-01,6.582001379573437783e-02,1.047411483491856829e-16
0.000000000000000000e+00,6.401330385073134011e-02,1.220432249763293564e-01,1.691441398435696297e-01,2.033638819707030976e-01,2.231312254869901590e-01,2.263852754165637249e-01,2.112567887790550714e-01,1.773772244464886239e-01,1.269584224657746563e-01,6.520532371837878260e-02,1.046180682688693603e-16
0.000000000000000000e+00,6.342656980261998645e-02,1.207985445107787048e-01,1.672853658068972904e-01,2.010425397097457267e-01,2.205728001127948978e-01,2.238445234693074992e-01,2.089755613148853719e-01,1.755519205261635296e-01,1.257185461543976479e-01,6.460164292670778075e-02,1.044949881885530500e-16
0.000000000000000000e+00,6.285138026812930878e-02,1.195745444745699437e-01,1.654540736714459892e-01,1.987531710955964259e-01,2.180485269024257100e-01,2.213377849566566802e-01,2.067259062547087689e-01,1.737534874479710334e-01,1.244986471403183304e-01,6.400894568818027430e-02,1.043719081082367275e-16
0.000000000000000000e+00,6.228771290152346207e-02,1.183711840477845723e-01,1.636502081924786078e-01,1.964957106755916838e-01,2.155583346027523106e-01,2.188649874543918683e-01,2.045077548794581590e-01,1.719818653356347538e-01,1.232986797906939214e-01,6.342720626026326913e-02,1.042488280279204172e-16
0.000000000000000000e+00,6.173554532072209056e-02,1.171884223507672074e-01,1.618737140529720175e-01,1.942700929210895433e-01,2.131021518879874233e-01,2.164260584742621063e-01,2.023210384183536936e-01,1.702369942755786458e-01,1.221185984501668709e-01,6.285639889109886913e-02,1.041257479476041070e-16
0.000000000000000000e+00,6.119485510801181416e-02,1.160262184453993428e-01,1.601245358653079487e-01,1.920762522294323649e-01,2.106799073617680040e-01,2.140209254660453420e-01,2.001656880508075886e-01,1.685188143185465393e-01,1.209583574420674545e-01,6.229649782016427606e-02,1.040026678672877844e-16
0.000000000000000000e+00,6.066561981075332954e-02,1.148845313363685006e-01,1.584026181729557559e-01,1.899141229258872743e-01,2.082915295592208116e-01,2.116495158195941251e-01,1.980416349083171657e-01,1.668272654812054112e-01,1.198179110696071525e-01,6.174747727892979099e-02,1.038795877869714618e-16
0.000000000000000000e+00,6.014781694208604090e-02,1.137633199724296107e-01,1.567079054521401393e-01,1.877836392655847231e-01,2.059369469490150983e-01,2.093117568668725337e-01,1.959488100763435714e-01,1.651622877477446627e-01,1.186972136170633130e-01,6.120931149151043194e-02,1.037565077066551515e-16
0.000000000000000000e+00,5.964142398162894376e-02,1.126625432476613398e-01,1.550403421135079784e-01,1.856847354354397295e-01,2.036160879354069753e-01,2.070075758839731161e-01,1.938871445961827256e-01,1.635238210714593521e-01,1.175962193509577092e-01,6.068197467531291633e-02,1.036334276263388290e-16
0.000000000000000000e+00,5.914641837617751197e-02,1.115821600027124827e-01,1.533998725037768462e-01,1.836173455560640155e-01,2.013288808602647917e-01,2.047369000931285044e-01,1.918565694668160626e-01,1.619118053763254905e-01,1.165148825212245498e-01,6.016544104167900753e-02,1.035103475460225187e-16
0.000000000000000000e+00,5.866277754039678216e-02,1.105221290260449685e-01,1.517864409073809151e-01,1.815814036836677081e-01,1.990752540050898522e-01,2.024996566647075946e-01,1.898570156467577208e-01,1.603261805585621258e-01,1.154531573623706620e-01,5.965968479652231093e-02,1.033872674657061961e-16
0.000000000000000000e+00,5.819047885751221783e-02,1.094824090551680396e-01,1.501999915481047609e-01,1.795768438119467181e-01,1.968551355930163727e-01,2.002957727191960746e-01,1.878884140558810811e-01,1.587668864881842112e-01,1.144109980946287353e-01,5.916468014096343264e-02,1.032641873853898736e-16
0.000000000000000000e+00,5.772949967999510545e-02,1.084629587778664916e-01,1.486404685907071754e-01,1.776035998739631250e-01,1.946684537908046631e-01,1.981251753291664031e-01,1.859506955772427528e-01,1.572338630105459822e-01,1.133883589251008517e-01,5.868040127195656153e-02,1.031411073050735756e-16
0.000000000000000000e+00,5.727981733024539723e-02,1.074637368334218634e-01,1.471078161425372621e-01,1.756616057440083534e-01,1.925151367108193234e-01,1.959877915212362431e-01,1.840437910588813564e-01,1.557270499478701775e-01,1.123851940488928558e-01,5.820682238291424726e-02,1.030180272247572530e-16
0.000000000000000000e+00,5.684140910127130630e-02,1.064847018138271872e-01,1.456019782551388753e-01,1.737507952394609090e-01,1.903951124129958927e-01,1.938835482780097985e-01,1.821676313156176397e-01,1.542463871007677123e-01,1.114014576502446174e-01,5.774391766432704354e-02,1.028949471444409305e-16
0.000000000000000000e+00,5.641425225736390603e-02,1.055258122649930796e-01,1.441228989258496185e-01,1.718711021226292379e-01,1.883083089067933980e-01,1.918123725400112667e-01,1.803221471308317225e-01,1.527918142497487475e-01,1.104371039036461388e-01,5.729166130437640669e-02,1.027718670641246079e-16
0.000000000000000000e+00,5.599832403476931453e-02,1.045870266879504462e-01,1.426705220993835788e-01,1.700224601025830395e-01,1.862546541531345801e-01,1.897741912075991966e-01,1.785072692582323484e-01,1.513632711567190481e-01,1.094920869749505532e-01,5.685002748954598450e-02,1.026487869838082976e-16
0.000000000000000000e+00,5.559360164235677138e-02,1.036683035400429720e-01,1.412447916694112848e-01,1.682048028369744763e-01,1.842340760663364607e-01,1.877689311428751839e-01,1.767229284236130349e-01,1.499606975664689035e-01,1.085663610224735787e-01,5.641899040522602160e-02,1.025257069034919751e-16
0.000000000000000000e+00,5.520006226228252322e-02,1.027696012361134503e-01,1.398456514801265094e-01,1.664180639338479484e-01,1.822465025160218133e-01,1.857965191715725828e-01,1.749690553265986770e-01,1.485840332081487247e-01,1.076598801980914177e-01,5.599852423631354603e-02,1.024026268231756648e-16
0.000000000000000000e+00,5.481768305065115587e-02,1.018908781496857818e-01,1.384730453278053552e-01,1.646621769534345470e-01,1.802918613290250827e-01,1.838568820849356689e-01,1.732455806423719435e-01,1.472332177967345390e-01,1.067725986483243905e-01,5.558860316780825372e-02,1.022795467428593422e-16
0.000000000000000000e+00,5.444644113817184716e-02,1.010320926141349829e-01,1.371269169623529072e-01,1.629370754099419560e-01,1.783700802912809857e-01,1.819499466415874789e-01,1.715524350233964546e-01,1.459081910344848243e-01,1.059044705154139621e-01,5.518920138540370224e-02,1.021564666625430196e-16
0.000000000000000000e+00,5.408631363081223276e-02,1.001932029238568611e-01,1.358072100888433331e-01,1.612426927733277005e-01,1.764810871497013434e-01,1.800756395693798861e-01,1.698895491011205294e-01,1.446088926123825225e-01,1.050554499383940521e-01,5.480029307607309219e-02,1.020333865822267217e-16
0.000000000000000000e+00,5.373727761044783113e-02,9.937416733542364655e-02,1.345138683690487169e-01,1.595789624710604038e-01,1.746248096140400330e-01,1.782338875672333511e-01,1.682568534876746069e-01,1.433352622115679487e-01,1.042254910541506874e-01,5.442185242865196781e-02,1.019103065019103991e-16
0.000000000000000000e+00,5.339931013550769379e-02,9.857494406873884563e-02,1.332468354229593421e-01,1.579458178898713872e-01,1.728011753587447297e-01,1.764246173069660140e-01,1.666542787775496803e-01,1.420872395047632075e-01,1.034145479984752702e-01,5.405385363441334023e-02,1.017872264215940766e-16
0.000000000000000000e+00,5.307238824161655821e-02,9.779549130818082636e-02,1.320060548302943171e-01,1.563431923774986076e-01,1.710101120247952133e-01,1.746477554351054673e-01,1.650817555492684052e-01,1.408647641576823983e-01,1.026225749071079107e-01,5.369627088764214462e-02,1.016641463412777540e-16
0.000000000000000000e+00,5.275648894223336494e-02,9.703576720374201825e-02,1.307914701319985995e-01,1.547710192444081700e-01,1.692515472215316841e-01,1.729032285746877617e-01,1.635392143670415521e-01,1.396677758304324946e-01,1.018495259167760403e-01,5.334907838620134291e-02,1.015410662609614437e-16
0.000000000000000000e+00,5.245158922928577772e-02,9.629572987215923030e-02,1.296030248317401878e-01,1.532292317655159497e-01,1.675254085284659800e-01,1.711909633270493059e-01,1.620265857824126909e-01,1.384962141789023438e-01,1.010953551662197580e-01,5.301225033209583382e-02,1.014179861806451335e-16
0.000000000000000000e+00,5.215766607380145636e-02,9.557533739803880657e-02,1.284406623973835537e-01,1.517177631818917849e-01,1.658316234970823588e-01,1.695108862735948962e-01,1.605438003358897747e-01,1.373500188561440627e-01,1.003600167972135693e-01,5.268576093202989585e-02,1.012949061003288109e-16
0.000000000000000000e+00,5.187469642653425028e-02,9.487454783497278887e-02,1.273043262624681815e-01,1.502365467024503465e-01,1.641701196526282880e-01,1.678629239775665249e-01,1.590907885585658432e-01,1.362291295137396663e-01,9.964346495557691030e-02,5.236958439796202125e-02,1.011718260200124883e-16
0.000000000000000000e+00,5.160265721858875443e-02,9.419331920665141578e-02,1.261939598276659025e-01,1.487855155056354572e-01,1.625408244958863602e-01,1.662470029857868736e-01,1.576674809737264038e-01,1.351334858031579267e-01,9.894565379217873380e-02,5.206369494765336614e-02,1.010487459396961904e-16
0.000000000000000000e+00,5.134152536203942518e-02,9.353160950796302053e-02,1.251095064622349540e-01,1.473646027410915327e-01,1.609436655049399922e-01,1.646630498303957024e-01,1.562738080984429345e-01,1.340630273771035164e-01,9.826653746393093636e-02,5.176806680521228721e-02,1.009256658593798678e-16
0.000000000000000000e+00,5.109127775054592147e-02,9.288937670609265229e-02,1.240509095054628252e-01,1.459737415313168141e-01,1.593785701369193619e-01,1.631109910305729160e-01,1.549097004451581716e-01,1.330176938908512740e-01,9.760607013477656801e-02,5.148267420163465946e-02,1.008025857790635452e-16
0.000000000000000000e+00,5.085189125996664172e-02,9.226657874161120487e-02,1.230181122680977235e-01,1.446128649733173788e-01,1.578454658297452351e-01,1.615907530942503056e-01,1.535750885232538554e-01,1.319974250035715335e-01,9.696420597666910446e-02,5.120749137533836537e-02,1.006795056987472227e-16
0.000000000000000000e+00,5.062334274896562736e-02,9.166317352955632991e-02,1.220110580337735451e-01,1.432819061402391680e-01,1.563442800038445935e-01,1.601022625198018634e-01,1.522699028406111488e-01,1.310021603796461265e-01,9.634089917054139418e-02,5.094249257269506392e-02,1.005564256184309001e-16
0.000000000000000000e+00,5.040560905961810612e-02,9.107911896050890910e-02,1.210296900604233006e-01,1.419807980829900229e-01,1.548749400638709250e-01,1.586454457977357624e-01,1.509940739051548464e-01,1.300318396899707851e-01,9.573610390727066433e-02,5.068765204855535389e-02,1.004333455381146021e-16
0.000000000000000000e+00,5.019866701801076192e-02,9.051437290166036709e-02,1.200739515816803271e-01,1.407094738318565019e-01,1.534373734003974254e-01,1.572202294123586919e-01,1.497475322263882580e-01,1.290864026132494402e-01,9.514977438863048143e-02,5.044294406677105047e-02,1.003102654577982796e-16
0.000000000000000000e+00,5.000249343483917364e-02,8.996889319787443329e-02,1.191437858082780576e-01,1.394678663981007150e-01,1.520315073916072013e-01,1.558265398434339755e-01,1.485302083169136589e-01,1.281657888372761955e-01,9.458186482823927044e-02,5.020834290071185535e-02,1.001871853774819570e-16
0.000000000000000000e+00,4.981706510600092397e-02,8.944263767274029941e-02,1.182391359294290289e-01,1.382559087755544924e-01,1.506572694049642669e-01,1.544643035678325838e-01,1.473420326939405278e-01,1.272699380602085872e-01,9.403232945249767605e-02,4.998382283377789115e-02,1.000641052971656344e-16
0.000000000000000000e+00,4.964235881318523891e-02,8.893556412962139168e-02,1.173599451142033345e-01,1.370735339421902399e-01,1.493145867988776576e-01,1.531334470611572796e-01,1.461829358807855694e-01,1.263987899918265767e-01,9.350112250151870752e-02,4.976935815990785050e-02,9.994102521684932416e-17
0.000000000000000000e+00,4.947835132445849160e-02,8.844763035269337381e-02,1.165061565128938659e-01,1.359206748616942351e-01,1.480033869243474465e-01,1.518338967993673183e-01,1.450528484083535297e-01,1.255522843547868250e-01,9.298819823004972340e-02,4.956492318408192710e-02,9.981794513653301391e-17
0.000000000000000000e+00,4.932501939484679188e-02,8.797879410797954103e-02,1.156777132583705625e-01,1.347972644850169432e-01,1.467235971266015460e-01,1.505655792603828314e-01,1.439517008166133483e-01,1.247303608858593704e-01,9.249351090838825451e-02,4.937049222282136052e-02,9.969486505621669133e-17
0.000000000000000000e+00,4.918233976691327447e-02,8.752901314437461222e-02,1.148745584674275011e-01,1.337032357519177816e-01,1.454751447467207415e-01,1.493284209256784401e-01,1.428794236560561037e-01,1.239329593371599758e-01,9.201701482328616954e-02,4.918603960468229119e-02,9.957178497590036875e-17
0.000000000000000000e+00,4.905028917133333333e-02,8.709824519466569104e-02,1.140966352421199925e-01,1.326385215924964500e-01,1.442579571232458502e-01,1.481223482818639914e-01,1.418359474891445204e-01,1.231600194773682655e-01,9.155866427884956638e-02,4.901153967074659001e-02,9.944870489558404617e-17
0.000000000000000000e+00,4.892884432746530399e-02,8.668644797654301293e-02,1.133438866710919091e-01,1.316030549287141582e-01,1.430719615937817712e-01,1.469472878222538581e-01,1.408212028917483760e-01,1.224114810929364250e-01,9.111841359742739455e-02,4.884696677510610985e-02,9.932562481526774824e-17
0.000000000000000000e+00,4.881798194391648305e-02,8.629357919360619578e-02,1.126162558308902439e-01,1.305967686759013091e-01,1.419170854965763340e-01,1.458031660484198078e-01,1.398351204545703608e-01,1.216872839892886304e-01,9.069621712049635853e-02,4.869229528534460560e-02,9.920254473495142566e-17
0.000000000000000000e+00,4.871767871910745451e-02,8.591959653636138672e-02,1.119136857872773949e-01,1.296195957442548563e-01,1.407932561720994791e-01,1.446899094717359890e-01,1.388776307845559499e-01,1.209873679920069334e-01,9.029202920953277589e-02,4.854749958301418644e-02,9.907946465463510308e-17
0.000000000000000000e+00,4.862791134183094832e-02,8.556445768321258027e-02,1.112361195965254068e-01,1.286714690403271133e-01,1.397004009646003464e-01,1.436074446149093742e-01,1.379486645062975025e-01,1.203116729480115943e-01,8.990580424688016103e-02,4.841255406410743811e-02,9.895638457431879283e-17
0.000000000000000000e+00,4.854865649180722942e-02,8.522812030144610862e-02,1.105835003067067168e-01,1.277523214684946895e-01,1.386384472236585896e-01,1.425556980134935481e-01,1.370481522634166005e-01,1.196601387267245409e-01,8.953749663660903746e-02,4.828743313952471583e-02,9.883330449400247025e-17
0.000000000000000000e+00,4.847989084023646145e-02,8.491054204820830398e-02,1.099557709589741861e-01,1.268620859324280925e-01,1.376073223057175943e-01,1.415345962173965022e-01,1.361760247199472751e-01,1.190327052212296621e-01,8.918706080536653591e-02,4.817211123553885588e-02,9.871022441368616000e-17
0.000000000000000000e+00,4.842159105034654631e-02,8.461168057147400168e-02,1.093528745888284193e-01,1.260006953365396809e-01,1.366069535756095910e-01,1.405440657923725523e-01,1.353322125616936988e-01,1.184293123494180588e-01,8.885445120321933121e-02,4.806656279425194911e-02,9.858714433336983742e-17
0.000000000000000000e+00,4.837373377793768858e-02,8.433149351101160152e-02,1.087747542273798107e-01,1.251680825874246228e-01,1.356372684080662250e-01,1.395840333215006002e-01,1.345166464975893206e-01,1.178499000551227471e-01,8.853962230449052839e-02,4.797076227405236426e-02,9.846406425305351484e-17
0.000000000000000000e+00,4.833629567192326837e-02,8.406993849933885876e-02,1.082213529025984888e-01,1.243641805952913071e-01,1.346981941892190227e-01,1.386544254066514048e-01,1.337292572610320196e-01,1.172944083092475887e-01,8.824252860858539105e-02,4.788468415006330581e-02,9.834098417273720459e-17
0.000000000000000000e+00,4.830925337486588478e-02,8.382697316267206933e-02,1.076926136405553791e-01,1.235889222753790984e-01,1.337896583180847587e-01,1.377551686699441946e-01,1.329699756112174835e-01,1.167627771108802337e-01,8.796312464081285087e-02,4.780830291458970649e-02,9.821790409242089434e-17
0.000000000000000000e+00,4.829258352351167849e-02,8.360255512186842708e-02,1.071884794666550511e-01,1.228422405493643232e-01,1.329115882080376121e-01,1.368861897551857387e-01,1.322387323344533794e-01,1.162549464884000683e-01,8.770136495319635905e-02,4.774159307755965198e-02,9.809482401210457176e-17
0.000000000000000000e+00,4.828626274931885343e-02,8.339664199336266348e-02,1.067088934068576300e-01,1.221240683467545995e-01,1.320639112882749933e-01,1.360474153293020905e-01,1.315354582454658638e-01,1.157708565005711732e-01,8.745720412527929755e-02,4.768452916696111488e-02,9.797174393178826150e-17
